# 71555c08-c047-4803-84dc-3d0e3dc6adfd
12	6	8	120	48
0.0	11.2	71.1	57.8	168.5	10.9	25.7	97.6	115.7	189.1	69.3	30.5
97.1	0.0	103.1	12.8	29.8	57.4	125.2	73.1	163.0	130.6	48.1	159.4
43.0	71.2	0.0	24.6	73.8	135.2	126.4	146.0	136.6	134.7	169.6	76.7
85.0	58.6	148.4	0.0	57.6	98.6	70.2	145.5	156.8	120.6	47.9	80.2
86.5	25.3	78.8	92.7	0.0	179.2	124.7	24.6	162.9	199.7	189.4	164.6
11.3	19.8	67.3	59.9	75.1	0.0	199.0	102.1	138.3	77.4	102.1	23.1
55.6	90.6	35.9	108.6	105.9	192.7	0.0	179.0	144.6	53.2	197.6	142.4
198.6	151.1	39.0	42.0	117.5	114.7	158.9	0.0	12.6	82.2	122.3	23.7
35.1	180.0	161.0	13.2	109.1	100.8	191.0	141.9	0.0	188.4	182.1	130.7
44.0	87.9	192.8	123.3	46.0	104.0	112.5	141.4	95.0	0.0	46.2	119.7
26.0	69.2	141.9	28.3	138.8	61.5	36.3	163.8	194.4	151.2	0.0	134.0
79.7	18.5	42.6	161.7	147.8	96.7	48.5	127.8	179.6	20.5	117.7	0.0
1	69689	4	10
2	22475	2	9
3	65885	6	5
4	34296	2	5
5	10738	4	5
6	11692	1	7
7	15617	6	7
8	29989	4	6
9	73204	8	3
10	54371	5	8
11	75342	5	4
12	44894	8	10
13	76164	7	5
14	37336	5	7
15	30657	8	10
16	33629	7	7
17	39371	6	4
18	71057	6	3
19	72033	3	9
20	34060	4	5
21	19369	4	5
22	19048	7	5
23	73525	5	1
24	77788	5	4
25	12991	7	11
26	10967	4	8
27	15429	6	2
28	11716	1	3
29	49617	6	3
30	41440	5	5
31	36824	2	7
32	62989	4	3
33	65933	1	4
34	59065	6	12
35	38221	7	12
36	75091	7	11
37	70170	2	6
38	65619	3	1
39	48414	2	3
40	44373	8	6
41	28548	4	1
42	11119	5	2
43	64223	6	7
44	18151	2	3
45	42519	7	8
46	55699	8	6
47	39166	6	8
48	66448	2	7
1	601.5	1396.2	326448	318819	348816	364737	336739	321859	385028	298968	338695	398018	358860	392087
2	109.4	620.6	329784	318204	349254	366057	337843	320211	385062	298853	336576	397162	361626	395136
3	450.3	1086.3	328045	319866	349203	364515	336838	319151	384601	300075	338326	394499	359208	391852
4	452.3	1105.3	330219	320939	349418	365464	336817	321174	387210	299270	338208	394985	359777	392171
5	856.8	219.7	327362	319611	348475	367055	335005	318840	387535	300213	338756	396826	359914	393290
6	933.3	1497.1	327910	317646	351725	367247	336341	320718	386495	299673	337036	396165	360601	392993
1	905.9	1201.5
2	623.9	766
3	1246.2	283.9
4	984.3	131.6
5	314.1	240.9
6	1092.6	914.6
7	255.4	643.3
8	1287.5	134.5
1	1161.5	787.1	0	0	0	0	33298	31475	0	0	0	15403	59861	0
2	1457.5	1351.5	0	0	5484	62756	6239	0	0	28911	65565	50650	0	14449
3	1456.5	1419	72307	0	0	0	63541	0	0	0	6861	0	0	0
4	1446.2	809.3	35860	0	0	0	0	0	0	0	0	0	0	0
5	1004.5	1169.4	69811	0	0	46808	0	0	11320	0	0	32845	0	0
6	844.6	981.4	0	30836	7449	0	0	29452	40531	31872	22052	26008	0	55673
7	1196	605	0	40821	0	0	6583	72250	61785	18879	0	58969	0	68452
8	981.1	121.5	0	0	0	0	24873	43246	67239	0	0	50853	22336	41307
9	961.5	522.3	0	0	0	0	24707	0	0	0	0	0	58900	0
10	863.4	298.1	0	23466	0	44370	51114	10619	4880	73310	19216	0	3127	13756
11	1211.9	1316.8	23482	0	13279	62246	0	0	0	0	0	0	0	5281
12	871.3	146.7	25111	20031	0	0	59846	0	0	0	0	0	32536	58861
13	743.1	294.6	0	0	47762	0	59271	16249	12425	5611	57433	21142	51287	0
14	957.4	1377.3	17734	0	4945	12040	0	7035	0	0	50306	0	0	20570
15	1040	1414.2	0	0	0	0	15548	46850	44595	0	0	0	0	0
16	759.2	214.1	0	44274	18866	26096	0	0	0	0	13266	0	0	0
17	1095.8	587.7	8082	0	11919	33411	0	28398	0	0	7750	0	0	17541
18	157.3	1024.7	61091	0	0	19255	0	0	0	1297	0	0	10177	0
19	1350.2	295.4	4652	0	61933	0	7212	0	0	0	65217	19577	0	0
20	9	711.3	58024	0	27823	56453	0	4900	41580	73547	47958	56045	29517	25129
21	538.2	1365.3	18090	0	0	40624	0	0	35873	54593	0	31621	0	0
22	519.5	760	0	32151	0	34829	72636	0	0	60880	49408	0	13336	0
23	527.6	1362.1	0	72012	51462	0	32441	0	53519	693	35542	57681	0	26653
24	1363.2	836.6	37320	0	0	54070	0	0	71788	0	28831	0	0	27749
25	404.2	368	0	0	65966	39290	0	0	0	0	0	0	49952	0
26	1387.7	584.8	72785	54566	9506	0	0	51322	0	0	0	0	46284	0
27	1151	908.3	0	19876	1037	0	0	49726	0	41550	0	23321	38137	74167
28	641.1	693.4	23024	28879	0	0	54022	36719	54590	0	13439	0	0	0
29	1423.8	17.4	0	0	0	9700	39166	15577	9446	31191	71006	21958	0	0
30	1327.5	10.8	0	0	35179	0	33019	58009	10328	14603	0	18314	0	28734
31	630.7	1003.5	0	0	51939	0	0	68132	7680	1861	0	0	54328	44634
32	1397	1342.9	0	22454	17843	65828	24980	0	74485	21350	0	0	0	0
33	296.5	608.5	0	0	0	40605	55902	0	32350	9127	62084	52431	46599	67064
34	327.1	1080.2	28458	0	23045	50026	0	0	8221	0	0	0	0	0
35	1408.6	790.5	25062	0	54817	0	0	60869	0	0	0	61518	0	0
36	710.4	692.2	4942	0	3338	30614	0	0	0	0	0	0	0	0
37	1438.5	1094.9	68159	0	50246	31652	62548	0	46100	5936	37231	55845	71235	45002
38	141.6	557.1	1000	8673	45332	2055	0	70428	24156	11555	1197	69622	71404	0
39	1037.5	641	0	62291	0	0	0	0	0	60345	10799	0	0	0
40	547.8	765.6	13034	0	0	8223	0	40594	41448	0	0	11652	0	0
41	812.8	325.5	0	72638	0	0	0	0	55467	26033	17752	11856	58921	0
42	996.9	508.4	54563	0	25243	0	45920	3795	0	20951	0	18791	0	50209
43	1075.2	463.3	9301	35371	0	0	2776	0	44161	0	63531	0	0	55822
44	888.6	733.6	0	0	0	52277	0	2576	33122	0	41526	0	26452	23669
45	857.1	1497.4	64215	56010	0	10311	0	0	0	0	12371	65276	0	59988
46	1087.4	737.2	0	0	23511	46092	14392	43575	0	70894	0	2337	0	0
47	462.5	914.4	0	36376	6955	0	29191	0	0	73925	0	0	30681	42946
48	50.3	1324.3	0	0	20588	74271	0	41843	57413	69313	0	14070	36832	0
49	210.2	248.6	12705	0	0	16502	72477	0	10875	10434	0	0	12508	0
50	1139.6	469.2	31926	20829	53457	0	0	0	0	11017	59693	34560	37917	37069
51	886.6	565.6	4675	2422	0	0	0	31429	26869	0	35203	0	0	0
52	1092.4	997.4	0	0	24164	0	0	68234	0	0	0	0	0	40158
53	810.6	509.8	0	17647	64940	11024	49787	0	0	72251	0	25329	36096	0
54	514.9	1471.4	0	29846	60373	56669	0	0	71953	25933	0	73915	0	0
55	1176.3	971.9	0	37039	0	55061	37411	22633	59912	28837	0	0	67575	0
56	374.8	978.9	0	0	0	0	72220	15104	9238	0	0	15608	0	47642
57	252.6	1270.8	0	54704	0	49152	70353	0	20912	1224	748	0	66856	0
58	561.4	754.4	20753	0	0	0	0	0	0	0	0	20982	0	0
59	1394.7	661.8	63905	5138	0	69538	0	17269	60997	0	11413	67442	0	42337
60	697.6	310.4	0	62397	0	0	62473	0	23752	0	10833	0	37891	50239
61	182.6	881.3	0	37776	53810	0	0	0	58261	0	0	54213	33472	41190
62	1117.9	21.7	3816	4719	0	0	50798	0	0	35056	0	58706	41447	36735
63	140.8	1338.4	0	44227	0	29541	0	59225	47628	60216	0	59236	0	17946
64	746.7	402.5	39163	31094	7865	0	33033	5908	0	0	70521	13403	14322	20911
65	126.4	524.9	21246	60111	25598	0	0	0	36161	0	45453	0	2780	55533
66	890.5	413	0	66469	72745	0	64275	0	0	0	28428	0	0	0
67	152.9	759.2	35860	13692	0	54160	6382	51256	40253	6924	0	0	0	0
68	1371	1098.7	0	0	17319	71836	52612	2119	15067	0	0	0	0	21567
69	1208.3	1017.7	36711	45421	0	5190	19689	0	0	0	14482	0	0	41624
70	466.5	434.8	0	0	21278	0	0	4442	33497	16754	46573	48149	0	0
71	267.1	612.8	0	26755	30736	0	25432	74668	0	35216	0	0	56741	16232
72	1095.8	1179.2	35940	27910	65205	0	59129	0	0	0	38802	0	5210	0
73	1459.1	0.8	48444	56770	61938	74418	0	0	57690	0	62033	67817	0	0
74	235.6	299.7	0	11808	0	0	65385	0	0	7813	70429	61201	0	36974
75	1399.2	1171.7	60449	66757	29383	74696	0	0	0	29701	0	0	0	6771
76	1100.1	899.7	21309	65669	0	0	33763	29117	0	0	0	0	0	19923
77	686.8	1177.6	0	0	0	55358	21721	0	17254	0	0	0	65356	1393
78	1420.3	990.6	29191	0	0	0	823	39475	0	0	32543	0	49489	27733
79	1360.1	1370.9	0	0	56802	0	0	0	22968	803	0	43654	26749	6138
80	795	426.5	0	13661	0	26678	0	0	0	0	0	52784	72755	0
81	771.1	283.9	0	0	0	0	0	58993	0	0	47110	45736	23071	0
82	940	349	0	0	48553	0	0	36018	0	26419	8984	54897	47911	16712
83	501.5	265.3	0	0	0	32610	0	0	0	32787	64965	0	0	69968
84	1079.8	485.4	35915	0	0	0	6215	0	0	0	65797	0	44828	55468
85	146.4	806.8	46680	0	54544	0	0	0	0	59736	35408	74055	0	0
86	779.4	1042.9	0	0	43914	0	21249	0	3864	0	0	0	21347	44247
87	802.5	1209.2	0	0	0	0	0	8088	43074	0	0	0	0	53710
88	733.5	1270.9	0	0	0	42647	58655	0	44076	0	0	0	14978	14741
89	1269.6	419.7	64180	0	0	65644	0	54751	0	6376	48953	52149	0	0
90	1085.2	406.4	0	53706	0	48829	15680	0	0	0	4750	73947	0	0
91	878.5	390.5	73978	14357	67354	32731	0	0	0	51808	0	20600	63419	70735
92	113.1	222.6	21811	58473	0	0	0	4797	39375	59120	0	62614	34437	30870
93	1231	1205.6	0	0	57573	48956	0	0	10800	0	0	57506	39582	36329
94	88.3	24.5	64593	0	49052	32728	0	0	0	0	0	0	61173	48960
95	258.1	1246.8	0	0	0	19481	0	40731	18018	0	0	16915	0	15389
96	1023.2	794.6	58111	0	0	0	5563	0	3866	36487	0	0	0	0
97	1470.2	127.1	10877	0	67008	0	0	0	0	0	0	0	16147	22975
98	1337.2	1183.1	49809	0	0	0	0	22599	33925	69655	0	41548	0	0
99	498.5	842.9	0	43227	0	0	37501	0	0	0	18004	0	74091	36221
100	1457.8	41.3	37825	33036	0	0	0	65420	0	0	24125	73943	69370	0
101	1361.7	1272.3	74542	65275	0	0	14994	0	40774	11428	0	8805	6421	0
102	760.1	1395.8	0	0	56644	9366	0	0	31337	0	0	3987	0	28211
103	12.7	968.6	7740	1509	0	0	0	0	54834	40634	25774	0	22565	38577
104	665.3	1411.9	0	16339	0	0	0	1330	59418	0	0	53746	0	0
105	1261.1	434.5	0	0	0	38424	72066	42487	42617	0	11880	31454	0	0
106	454.8	412.9	0	0	3239	0	0	49690	0	44703	0	0	0	9316
107	561	1485.8	7480	17784	0	45614	8966	72712	41768	0	0	0	0	0
108	1293.4	1363.7	0	0	14025	0	0	0	41831	0	21294	22349	0	0
109	461.8	798.7	0	0	31822	40146	24387	57192	10846	0	60142	0	0	0
110	1108	1251.1	0	7535	25905	41329	0	0	0	53022	0	23523	50907	34978
111	1412.2	8.2	0	0	32141	0	0	64210	0	0	53450	0	0	56485
112	311.5	1034.3	12028	0	64839	28509	20260	44558	66880	9437	11427	0	1063	43712
113	418.6	897.9	0	2604	71010	0	42081	0	0	33440	71279	19280	30601	34568
114	776.8	11.3	63936	0	0	46194	0	15059	0	0	48972	0	0	0
115	316.3	114.6	38883	0	0	0	0	0	0	28191	34732	0	15274	0
116	476.6	313.1	0	41268	64360	0	45198	0	0	49607	0	26729	7023	48911
117	317.7	1002.5	0	20855	0	0	0	0	54516	0	0	0	4918	62160
118	1014.6	1087.4	0	0	0	0	0	0	24776	0	0	20537	0	25784
119	803.9	904	0	12185	0	0	0	0	0	20017	0	0	0	9105
120	847.9	189.3	21997	44670	0	0	13494	9025	74994	0	20688	29643	53495	0
