# 3a8e49f1-71fa-425d-969e-95a957d3a1c1
12	7	4	155	35
0.0	187.3	93.7	196.3	147.4	73.7	101.6	163.3	61.5	130.4	100.0	192.5
45.1	0.0	145.9	32.9	99.5	29.2	92.6	70.1	30.4	126.1	58.5	74.5
50.4	180.0	0.0	148.0	184.4	53.3	147.7	95.1	140.3	175.9	165.7	143.4
170.1	116.8	155.1	0.0	24.4	52.3	124.9	101.3	162.4	19.3	147.4	140.6
143.2	142.6	138.3	40.7	0.0	109.5	41.7	174.6	48.0	37.9	30.8	33.4
34.3	155.5	111.6	68.5	165.6	0.0	170.3	109.3	68.2	134.9	38.3	123.0
19.8	151.7	170.8	55.6	158.1	57.3	0.0	126.6	138.6	106.6	123.8	76.6
111.5	50.7	169.5	80.1	58.4	107.1	12.1	0.0	103.2	190.0	23.5	186.9
118.4	66.4	37.7	27.2	88.8	107.8	175.4	162.3	0.0	82.7	54.5	56.0
130.3	23.3	179.3	181.3	40.6	89.1	22.2	139.7	33.4	0.0	153.3	141.4
161.4	143.9	166.6	193.2	195.1	80.9	190.0	141.9	169.6	192.6	0.0	19.0
44.9	194.9	84.7	120.4	47.1	85.0	192.0	196.8	19.0	189.0	92.7	0.0
1	69605	1	3
2	24705	2	4
3	75387	1	3
4	21016	2	6
5	33801	3	12
6	64973	3	8
7	46045	4	9
8	26843	4	1
9	64810	4	5
10	48363	4	1
11	25654	2	6
12	31498	3	8
13	72857	2	12
14	23832	1	2
15	64864	3	8
16	34881	1	3
17	19028	1	3
18	52024	1	12
19	61808	3	10
20	74121	1	10
21	55168	2	6
22	50655	1	8
23	64598	1	12
24	59248	2	6
25	36639	4	9
26	69934	4	10
27	63670	2	10
28	58773	3	4
29	76602	4	12
30	14107	2	5
31	46671	4	5
32	30487	3	5
33	44758	2	1
34	57415	4	12
35	28206	2	2
1	829.9	967.3	389274	470970	328399	375897	456367	386131	454325	444292	436715	398768	446100	414271
2	486.6	114.1	388035	467747	329180	375960	457974	385707	453844	444719	440225	398468	444896	411932
3	448.8	1191.8	386651	470363	327875	377769	457152	384807	454487	445032	437942	397476	445500	410506
4	795.1	1144.2	388711	470497	328353	377769	455476	382991	455906	444260	440351	398062	444361	413893
5	729.8	1465.3	386100	469706	330420	378057	455609	384746	452497	447179	440060	398986	443791	413462
6	553.2	1175	389524	470716	329386	378229	458325	386257	455381	445020	440255	398373	443623	411054
7	733	1145.8	387452	468187	328366	377026	458527	383930	454893	447100	439851	396605	446060	412982
1	672.1	309.5
2	1187.2	442.6
3	1307.5	8.2
4	905	540.7
1	1365.7	1342.1	5395	0	0	0	0	0	0	72269	24943	68650	65559	40379
2	1132.8	611.4	0	10292	0	1647	0	45502	38033	32980	45895	0	0	49081
3	790.9	1250.8	25415	0	0	34315	0	0	57347	21232	0	0	0	50157
4	49.6	483.5	30343	43459	58576	32526	0	0	0	0	53610	0	0	63791
5	106.2	559.6	53882	9570	11057	34997	0	0	0	6415	0	0	0	42840
6	64	263.9	1947	13102	0	0	0	0	24932	54696	0	0	68720	0
7	385.3	812.8	41565	25290	0	0	51960	0	0	0	30668	64911	0	67316
8	1489.1	926	30816	0	17068	11353	0	0	0	0	2996	0	7598	36072
9	234.9	62.4	29816	59398	49102	0	0	0	0	49310	36640	70828	0	40108
10	490.4	676.6	8249	28004	28437	0	57896	13124	39488	4933	0	20444	61601	27213
11	1135.3	97.9	48996	39271	32827	0	48872	714	0	14885	43249	3917	65292	0
12	1153.7	439.1	0	40960	0	40547	0	0	0	57950	52102	53194	0	0
13	426.4	897.7	0	30096	0	11214	0	70373	59508	0	0	31526	18419	28307
14	1154.9	48.2	0	67880	42941	0	0	0	9303	0	0	43537	72792	0
15	880.7	1223.5	0	44520	0	11492	0	0	72424	1485	34896	52898	28609	64812
16	468.8	412.3	0	0	26212	56893	53783	0	29372	13701	29208	0	71547	69383
17	1293.1	37.6	0	74634	0	0	10416	60575	0	0	7192	0	0	0
18	344.3	1311.4	64031	0	39161	0	0	0	40853	59744	0	0	0	23209
19	167.7	859.9	70881	0	0	0	0	56854	4685	0	0	12470	0	57224
20	635.9	746.1	0	0	0	24280	12053	36865	43970	0	0	57664	57598	0
21	686.8	29.4	0	62755	0	22158	61805	18899	1449	0	59570	22492	0	52978
22	191.6	55.3	0	0	64875	0	0	0	0	0	0	0	0	21720
23	600	336.7	0	5660	0	48916	67655	43368	10591	39001	9749	0	0	74954
24	657.1	1171.2	0	0	0	0	0	0	25053	16253	0	69150	0	0
25	597.9	417.1	0	0	12436	0	0	0	0	33668	34957	19228	50258	0
26	906.1	15.1	4304	14901	45762	0	12459	0	8444	0	69783	8232	18907	0
27	949.3	381.6	0	0	0	0	0	19124	0	0	0	0	0	743
28	1334.6	611.9	0	43498	0	27488	58931	0	69049	0	41759	8222	0	10169
29	415.9	438.9	29993	35955	27804	0	0	0	0	70722	0	3738	47589	8208
30	247.1	203.2	0	0	14303	0	66913	59391	0	0	33573	9954	0	30152
31	1076.1	1252	0	0	66013	18386	0	62578	0	0	0	0	1369	12509
32	301.2	273.3	36440	64259	36319	0	0	0	0	0	24170	0	0	0
33	1431.7	1169.8	27740	0	34626	0	0	11220	0	61304	11291	0	70706	0
34	922.5	933.9	0	0	13998	0	11680	55098	51342	58073	34990	0	0	0
35	362.8	989.5	68491	50359	0	0	37016	0	28723	62496	31604	0	0	57152
36	1409.5	1407.5	25027	0	0	28282	17816	47556	21507	0	58212	0	55931	1220
37	791.9	1375.6	38120	12793	0	0	23430	37192	0	13397	67476	4284	0	34763
38	974.7	920.6	0	0	0	0	0	74288	0	0	0	0	0	47884
39	1374.7	1260.7	4162	0	0	0	74478	0	0	0	0	70317	0	18773
40	324.8	157.1	62453	39885	31938	0	0	0	66221	27954	30707	1926	0	50904
41	1011.8	1109.1	0	0	21806	69149	0	0	0	55635	68563	39290	36657	0
42	1140.2	246.3	0	11855	56052	0	0	63786	0	16026	40702	0	0	0
43	468.1	1392.2	50939	0	0	24537	0	34636	46412	0	30022	5206	15629	0
44	1407.7	1047.9	41094	62310	71279	22140	0	23464	44975	0	0	0	0	51768
45	1246.8	1400.2	58326	38049	0	0	70405	0	0	1418	0	66451	41263	0
46	1248.3	738.5	39915	0	0	24060	50491	0	0	20896	0	0	0	1024
47	856.4	56.4	0	11166	3947	36286	62886	0	67677	0	21530	0	0	0
48	1135.9	212.7	0	0	0	0	7368	0	0	0	52100	18771	74772	22581
49	669.2	101.6	55522	0	0	68681	0	42376	0	56485	0	0	0	73720
50	551.4	797.5	62985	0	0	3473	47814	0	11785	71835	0	28950	0	0
51	124.6	792.1	0	45805	0	0	9747	0	0	58564	11101	0	51292	13955
52	763.2	738.4	42999	0	0	0	71050	36292	0	56115	16327	0	0	23620
53	1352.6	51.1	39288	0	62626	70342	23398	55590	0	0	0	25564	0	0
54	420.9	78.4	0	13784	0	0	0	63735	72078	0	10543	8868	0	5970
55	670.7	187.9	0	0	0	0	0	65423	0	0	51039	0	0	0
56	1417.7	791.9	57373	43496	0	41147	0	2014	3564	0	0	0	27901	55468
57	1389.3	1175	0	0	0	48489	68200	54809	28069	28725	0	59135	0	0
58	751.9	234.8	56579	0	0	12179	42938	55614	0	57411	0	0	62957	63011
59	618	1119	47369	62726	54036	0	0	43717	61291	35420	20695	0	5986	0
60	718.4	1224.4	0	8733	54713	43594	0	10601	0	0	27201	1687	0	0
61	385.2	908.8	0	0	0	0	50883	51758	0	48990	0	0	66726	0
62	239.2	762.5	0	0	0	0	40783	14361	47923	0	74522	51811	43885	0
63	842.9	630.5	0	0	41339	9281	67327	0	0	30101	24785	0	0	0
64	301.8	1108.9	27672	1081	63146	0	31752	0	0	0	25049	59229	0	0
65	1481.7	1347.4	20219	28806	5550	53297	20800	66379	0	0	0	8066	64541	0
66	272.3	996.5	0	622	67673	66702	26047	0	48274	0	0	0	34857	30457
67	244.2	795.3	0	28563	0	66052	0	16187	41092	0	0	42123	0	0
68	1214.8	1335.2	0	42904	0	0	0	3462	45854	0	18357	49317	0	32182
69	749	998.9	7707	26035	57300	0	42028	43815	4304	73393	0	0	0	0
70	850.2	1128	15186	41400	0	22687	0	72238	64095	2900	0	0	0	0
71	634.5	1227.8	0	0	0	29726	0	0	0	46341	3764	74892	0	30136
72	887.7	763.5	56818	2113	7298	0	0	0	0	27366	37839	39019	25355	30900
73	265.6	428.8	0	4227	0	0	21737	0	38570	19065	0	0	0	0
74	1483.9	814.8	0	39526	0	0	0	0	33474	7648	0	0	32093	0
75	1217.5	504.2	6748	45472	55394	0	29695	0	0	0	0	45267	71544	57753
76	1039.6	1478.7	0	18601	64511	0	0	0	0	0	67126	19787	0	2063
77	178.9	453.3	0	0	0	4403	38280	0	0	70690	72382	46399	0	0
78	822.5	190.1	0	72063	28433	17085	50077	0	32790	0	701	15193	0	51381
79	1254.7	1364	0	73447	0	30511	10833	7041	0	0	0	51258	49211	19158
80	1059	407.6	0	20776	0	0	0	0	15488	43555	39216	22941	39992	38817
81	1259.2	20.8	0	0	0	13608	0	0	62733	62136	34686	34188	44533	0
82	278.4	659.6	0	0	0	73076	44134	17119	0	21756	57022	0	21278	12044
83	882.7	387.7	72514	26059	35928	37611	20235	0	58975	29188	45363	0	0	0
84	941.3	658.6	0	0	43002	0	71530	0	0	0	0	7268	47609	0
85	797.7	930.7	16746	0	0	35691	0	71268	14189	11190	18358	0	69304	0
86	262.1	24	52059	22738	70366	0	0	16714	28788	0	62204	0	0	46832
87	132.7	583.2	0	65605	0	73586	0	0	27134	0	59863	0	50249	0
88	527.9	161.9	33431	66489	0	64117	40330	4681	0	0	58125	14539	0	7162
89	76.9	547.1	0	65257	0	1671	0	47465	42391	0	0	0	57026	0
90	379.9	1348.7	38457	0	0	40217	0	0	26341	33646	0	58115	0	64682
91	401.3	322.4	36951	0	0	0	71293	38050	35464	34561	29896	0	70295	0
92	662.6	882.2	0	22576	0	52479	4370	0	57624	0	39326	31237	6836	0
93	125.5	766.1	0	5067	0	4971	0	73870	17424	43533	0	56110	0	0
94	1477.5	916.5	0	38796	0	3090	0	24369	0	1012	0	0	0	0
95	1047.1	1036.1	41209	62830	0	11610	61616	0	0	4643	0	34562	0	0
96	92.3	273.3	9689	43497	0	0	56975	0	69777	0	0	59549	0	47169
97	780.9	101	0	34921	0	56036	0	11183	0	56328	21170	0	0	38729
98	231.1	743.8	10635	73153	53541	0	6142	0	0	54945	0	0	31483	0
99	641.2	1464.8	0	25025	0	41691	0	15521	34123	0	70090	12402	34571	32685
100	296.8	788.8	0	61872	0	0	0	0	0	0	37126	52373	0	0
101	736.1	186.5	31104	74247	11167	0	68337	0	35480	0	0	8803	0	8566
102	31.6	829.5	53886	0	0	0	2500	15139	69991	0	18829	45266	0	0
103	365.9	644.1	0	0	0	0	43608	45651	0	0	0	14641	7012	0
104	1138.3	1287.3	0	0	0	0	25591	0	0	0	0	21744	6226	30294
105	1007.1	236.1	42858	0	74700	0	45199	0	0	0	5824	26260	0	0
106	314.3	64.3	2756	0	0	45114	0	31706	0	57192	30646	27767	0	0
107	21.1	720.9	43817	58628	42767	0	9837	0	12369	0	0	13852	60052	7458
108	764.6	138.6	0	0	0	0	57718	13017	67065	11377	37052	64574	70383	0
109	138	1360.7	55854	61465	0	0	0	0	2952	0	0	0	49788	26938
110	1123.8	910.1	0	0	58112	0	45707	0	39412	3788	0	0	0	41065
111	590.6	219.5	55809	73524	0	33023	0	36125	0	0	65047	0	10730	54011
112	772.3	963.6	12066	0	0	0	0	74241	51880	37459	45344	0	0	0
113	602.5	894.7	61795	68130	0	0	0	0	0	0	0	12520	0	69811
114	424.2	1221.8	58132	5588	0	28271	0	0	0	52488	0	11219	51596	0
115	1.6	1475.2	0	0	65000	0	20180	0	0	15584	24767	0	0	0
116	994	417.2	0	0	0	62096	47458	36952	61856	66019	0	40557	57734	59039
117	795.2	146.8	39044	0	0	29071	0	0	26174	31385	0	0	41821	47239
118	83.6	1253.9	0	0	0	0	10159	9192	73507	0	0	0	59219	2213
119	681	491.3	70611	0	21787	0	0	0	0	0	10854	0	0	34148
120	426.8	1450.9	52624	0	0	64512	0	0	4187	0	0	0	58181	51891
121	60.4	1017.3	0	0	56313	0	0	0	0	68037	40624	71796	55720	65529
122	329.6	1068.4	20496	44973	0	0	71774	0	0	0	23300	0	0	0
123	1126.6	1176.6	0	0	0	0	57579	0	38831	63960	0	0	0	0
124	770.7	1361.4	0	0	0	65674	0	31927	31137	0	4072	8368	28178	0
125	347.5	1423.2	53125	38030	0	37388	33327	0	15163	0	0	73052	26030	16944
126	1338.6	450.6	0	0	41809	0	0	0	0	55034	2506	0	0	10450
127	116.6	663.9	28725	0	0	32548	55926	0	44742	14985	53132	0	0	0
128	810.1	643.7	69665	12869	27898	13170	17335	0	24829	0	54978	0	29982	0
129	438.1	1017.7	0	20913	29573	0	15042	60311	0	74197	18861	0	74237	0
130	77.6	123.1	0	0	0	0	41723	61616	70567	48708	0	0	22706	0
131	1444.2	321.7	0	36490	0	18004	53397	0	0	28225	0	0	0	0
132	1195.4	908.6	0	0	30826	47212	0	71959	0	525	0	15536	43425	0
133	521.8	1128.4	0	0	0	24234	44974	0	54683	36229	19885	58126	0	0
134	382.9	34.4	42619	13082	0	0	0	28609	41220	61460	0	33872	32525	0
135	139.8	894.1	10273	12299	5789	0	33964	63225	50999	0	68176	62546	21601	0
136	549.7	654.4	0	7509	0	41285	67191	33682	0	41767	0	0	0	0
137	65.9	761.1	0	0	0	4356	0	0	0	33697	0	0	0	11002
138	664	544.4	0	0	35753	22959	0	0	0	4107	34707	8864	74599	38682
139	512.1	791	15910	0	0	68313	14194	0	60411	23368	60426	25186	30145	0
140	718.1	1468.3	0	56674	0	11988	46127	11501	64821	0	44481	63154	37140	0
141	1499.3	563.2	14064	56154	0	72589	0	0	0	0	5616	0	24060	35899
142	604.1	117.1	0	27208	0	0	65604	0	7134	0	55223	40905	43536	0
143	434.1	1171.3	0	0	41094	0	28686	0	26915	47741	0	0	0	0
144	30.9	837.8	0	51250	0	0	41469	1436	0	0	0	0	33883	0
145	833.4	176.5	26467	0	0	0	0	72219	26551	52549	0	0	0	1885
146	580.7	814.9	20089	40930	0	64802	0	0	0	55597	6643	67544	0	49983
147	130.9	456.1	51324	0	0	56022	26030	0	0	0	64347	0	0	7603
148	729.5	671.6	0	64149	46744	45911	0	0	63689	0	11756	45002	63498	28849
149	235.5	529.6	0	52269	0	49911	9923	41534	74606	0	13957	11730	9559	56606
150	1298.2	1232.1	10644	25577	4669	0	30855	7369	0	0	50380	0	0	33603
151	548.6	393	0	30478	48071	0	0	0	0	48745	5626	0	28484	0
152	155.6	1420.5	0	39489	51406	0	52701	0	37710	0	0	0	0	44981
153	950.5	302.4	43204	47291	0	0	23824	61926	45317	66954	0	51266	0	33777
154	792.1	543	0	0	0	3128	1817	0	0	41067	0	0	0	0
155	734	1458	0	71906	22595	0	42039	0	51288	0	55152	0	0	62355
