# f936cb09-1da6-4606-8b99-3b7a4c2799f5
8	7	4	166	50
0.0	189.6	60.7	139.2	193.6	84.5	38.1	161.5
92.0	0.0	170.7	23.3	133.4	161.4	54.8	96.2
124.7	136.6	0.0	136.0	56.3	93.9	136.2	82.1
51.6	105.4	183.8	0.0	27.7	58.8	196.5	115.6
48.9	50.2	95.7	16.6	0.0	65.6	100.1	42.1
155.3	109.2	138.0	23.2	146.5	0.0	75.3	73.5
139.5	177.3	176.5	70.3	92.5	36.1	0.0	145.3
53.2	23.3	30.3	65.2	45.4	124.5	29.2	0.0
1	53370	2	8
2	31682	2	3
3	16119	2	4
4	44970	3	4
5	75021	2	4
6	53323	3	7
7	19569	4	3
8	34447	4	4
9	59937	1	1
10	22792	2	3
11	78661	1	6
12	64497	3	8
13	65075	2	8
14	12798	4	3
15	27195	1	6
16	56014	1	3
17	70498	3	5
18	57044	2	6
19	66579	4	8
20	37530	3	7
21	27629	4	5
22	17270	1	7
23	22275	4	1
24	79859	4	1
25	56256	4	2
26	64798	3	3
27	31400	3	7
28	74958	4	7
29	19852	3	2
30	31095	2	3
31	39010	4	3
32	53384	2	6
33	37457	1	2
34	33929	4	7
35	69039	1	5
36	32655	1	6
37	22140	4	3
38	71867	4	6
39	18192	1	6
40	12341	3	4
41	59230	1	1
42	72119	2	8
43	35776	2	6
44	12036	1	4
45	66559	4	4
46	75686	3	6
47	42332	3	6
48	70026	1	2
49	44832	2	1
50	47504	4	4
1	1017	1252.4	418039	422042	470832	403271	447241	446439	462207	456019
2	203.6	15.2	415689	420839	468658	403904	447892	446365	462876	459251
3	308.3	1432.3	416424	421208	470228	406227	449421	446381	465751	457672
4	1098.5	1298.3	414662	420322	470157	403781	448995	448189	465270	457452
5	1357.6	1330.2	416606	419632	470260	406232	448980	448316	465865	459033
6	630.5	289.5	417982	422542	468041	406005	449557	446859	464482	458029
7	202.4	1442.3	415658	420612	471107	404797	448013	446778	463347	457586
1	783.7	1410.9
2	1204	1385.2
3	305.8	988.3
4	855.3	523.5
1	131.3	585.5	61641	2755	0	0	61397	65063	0	0
2	1093.9	81.2	61169	17247	0	58311	23320	48676	40973	0
3	966.5	382.7	0	22129	0	0	59643	0	21090	52835
4	198.8	529.5	12359	0	33708	0	0	0	10541	0
5	104	518.9	37355	11068	0	0	0	0	49793	0
6	1353.7	1056.6	0	49457	1498	25973	65986	46381	61135	24991
7	20.5	1380.7	0	61623	0	0	45833	44903	0	22052
8	503.7	1168.2	19909	30620	24947	0	18751	49290	0	0
9	276.7	609.4	0	0	0	0	10885	0	0	0
10	1149.5	778.5	35175	0	30803	0	0	0	34108	69370
11	619.2	899.3	0	74173	64337	46948	54547	2019	48862	37209
12	474.6	440	0	68175	18191	34000	66585	0	0	0
13	303.6	1426.6	0	47505	4063	0	0	70977	0	7191
14	836.2	1233.1	6649	31704	0	17815	66662	5985	60398	25176
15	462.8	580.7	13908	62812	17073	33568	0	20049	33329	62475
16	1155.7	70	0	0	74121	0	0	6078	11397	64718
17	1411.6	1115.6	57927	17779	0	23489	51432	0	43840	5014
18	1125	1033	0	0	13090	0	0	1118	0	4428
19	197.9	653.3	28425	41385	0	0	0	0	0	67318
20	1411.3	991	0	0	0	0	45846	0	17882	43413
21	769.7	1211	14496	45694	31580	35287	0	0	49246	0
22	39.8	182.5	15807	51007	0	0	0	0	0	0
23	862.3	1206.8	0	0	59302	0	0	0	0	0
24	305	736.5	0	1784	0	0	0	22088	0	70578
25	443.2	474.1	5269	38382	0	37321	0	0	63069	0
26	1324.5	201.1	60689	0	59333	0	0	34826	0	64426
27	631.1	996.4	0	7124	0	0	0	49369	0	35589
28	20.3	1281.7	56083	0	0	0	32815	74226	5755	17478
29	1183.3	508.7	38223	8756	35685	0	29281	9578	0	22627
30	1488.8	762.2	0	0	19939	0	58500	0	0	0
31	823.4	952.6	0	65052	0	0	0	23249	0	0
32	363.2	1421.7	50590	43184	5734	0	0	0	14615	33095
33	682.2	1314.7	0	0	0	0	44549	14241	0	6046
34	185.9	205.5	0	66465	0	7074	0	52064	0	0
35	806.6	638.9	58341	48545	45556	0	13303	0	37071	29238
36	802.2	121.1	62265	30418	0	0	31388	39697	0	41476
37	1252.6	500.3	0	0	33161	0	7149	70171	7430	0
38	952	654.9	38620	25754	21055	0	0	23137	73145	0
39	792.8	578.6	0	23239	0	0	0	0	0	0
40	324.3	574.7	0	0	58190	24521	0	9944	0	36246
41	1303	282	0	0	0	46430	2807	0	26012	6189
42	739.1	387.4	61748	68805	57559	0	74808	58212	0	61214
43	355.6	680.4	0	0	25911	21859	0	74670	46717	0
44	1114.1	653.6	1381	0	0	0	51746	0	39477	44617
45	894.7	135.9	0	0	51533	0	7023	38681	0	34928
46	0.6	892.4	61163	50302	0	0	0	0	58787	0
47	978.1	762.7	62804	23701	71685	16734	0	0	0	22280
48	6.2	419.7	0	36767	0	3451	31360	52661	66372	36982
49	1308	1307.9	0	0	74649	0	0	1677	32794	56415
50	289.3	409	29428	0	66979	0	14330	0	6183	0
51	1083.9	1135.2	67682	0	51121	1138	32287	69279	49450	62056
52	242.9	1141.6	0	0	42115	0	0	30127	11186	0
53	1424.1	1161.5	0	0	72523	28044	5318	68358	74760	47293
54	1392.2	189.8	0	47723	70822	0	30973	12113	67547	47215
55	1079.2	940.1	0	18841	21601	49921	0	0	0	0
56	412.3	984	40565	69761	0	69765	67460	37418	37314	23039
57	304.5	305.8	0	66657	31321	15583	20587	11535	0	0
58	992	452.5	0	24246	42105	0	3554	67477	63988	0
59	397.1	1288.2	62130	0	0	72525	0	46447	0	11191
60	1192.2	1033	0	0	0	0	63248	0	0	0
61	1066.4	1121.4	0	0	14807	5517	7613	52300	27114	10088
62	1022.1	138	45490	30560	0	65645	17957	0	0	0
63	908.7	132	0	0	0	0	0	56559	0	0
64	569	1032.6	68721	49136	17944	65748	0	0	0	12732
65	195.4	1378.1	0	33553	0	53802	14048	0	0	0
66	64.9	1469.4	14293	67610	53499	5342	41204	54883	22581	5194
67	684.7	532.2	23446	0	0	0	4959	0	0	0
68	1075.3	578.4	0	66589	69422	62738	0	32535	17777	72227
69	148.1	1283	0	0	24247	0	74376	5774	0	48310
70	241.5	944.3	0	64061	74438	0	0	0	10787	0
71	139.8	1391.4	0	0	0	0	0	0	20332	38021
72	710.5	981.4	53702	20215	0	63151	0	36607	50616	23986
73	677.9	752.5	0	46514	0	47400	10826	52408	0	0
74	1013.3	1440.4	9146	44779	0	0	0	1097	41958	0
75	260.5	32.8	31910	0	0	64213	42222	0	51228	67400
76	1005.6	1001.8	0	0	53751	56323	16729	7852	42238	0
77	1399.3	1492.6	2487	0	0	0	67604	66890	44806	68413
78	741.5	828.5	0	0	0	17351	0	0	4070	67425
79	1485.1	1137.1	0	0	30482	0	22979	0	0	28315
80	1163.8	686.5	0	0	33450	55497	36701	32893	0	0
81	483.7	857.2	55273	58315	0	0	0	0	0	19024
82	870.6	1482.2	10905	26508	0	37570	41818	0	0	0
83	986.2	272.5	60024	0	0	49324	0	71427	0	38652
84	703.9	1289.2	0	11883	0	0	42372	53010	59809	0
85	564.4	905.2	23917	0	0	71149	25497	0	4985	0
86	1270.1	690.2	0	0	0	1973	0	57867	55696	0
87	1376.2	133.2	43773	0	33710	0	0	50438	0	0
88	475.8	457.4	35609	0	0	16284	0	0	50934	34443
89	42.4	757.1	20375	0	0	19180	54332	30562	0	0
90	380.7	646.6	48990	25670	0	35319	25012	0	0	0
91	1463.3	530.2	0	14745	38127	14882	0	4203	0	0
92	1057.1	263.3	0	0	14528	68396	0	0	74931	0
93	421.3	1001.8	23242	0	0	26751	45822	0	26347	0
94	1376.2	1069.5	8921	72911	0	0	20750	12073	46666	20788
95	1313.6	1398.8	49689	0	0	0	0	0	13479	4401
96	241.2	409.7	0	66347	0	0	0	0	0	15286
97	1359.1	1216.7	0	21552	16491	42123	28846	0	71782	3458
98	623	631	0	0	17156	44296	0	41789	0	7479
99	543.8	1140.9	45227	0	0	0	52771	37986	32731	0
100	1107.2	1100.5	58219	0	63752	0	47193	0	73018	55376
101	831.4	1331.6	4016	24793	4301	74296	0	0	0	62473
102	972.6	893.1	0	0	0	22090	44636	0	13413	0
103	242.3	437.2	49223	0	0	69560	0	0	0	0
104	655.3	65	0	5441	26621	54772	35504	67929	0	68996
105	1197.7	280.3	0	0	62158	28618	7092	0	0	45905
106	1136.6	210.5	49989	26232	35833	60008	56868	41483	0	0
107	856.2	613.9	38552	0	0	0	71997	30914	31846	0
108	749.7	521.8	41232	3104	0	24512	23785	8046	0	50198
109	771	1149.2	39000	7398	0	0	0	37172	50141	51199
110	223.4	334.3	59010	0	74784	28688	1436	36232	27473	0
111	1352.4	1095.2	59337	11776	68231	0	0	14910	0	0
112	965	68.2	8663	0	0	20440	18745	0	29548	0
113	1153.2	1192	8383	0	59824	0	59617	0	0	26703
114	295.8	283.4	63629	0	14544	0	0	0	70934	13155
115	770	747.6	6495	66074	22443	0	0	43994	0	27266
116	1039.7	1280.3	40700	0	0	19899	19475	0	20946	57824
117	1182.7	514.8	11690	26597	0	57394	59659	0	0	5678
118	304.2	685.5	0	12801	0	0	47784	14314	19925	0
119	954.9	694.2	44460	0	37191	0	0	0	74426	0
120	1222.5	66.7	0	0	59398	0	0	2794	2588	0
121	891	1200.5	0	0	0	0	0	0	65356	74028
122	698.8	1489.9	3898	29222	0	57135	0	0	0	56779
123	33.9	464.7	0	19137	0	3452	0	0	0	0
124	1228.2	1054.7	0	57077	0	6536	0	0	0	37112
125	429.9	905	0	0	34588	0	40092	0	41595	0
126	1299.5	877.7	0	35169	4674	11763	45208	51197	2154	55472
127	441.5	1481.5	47228	0	62101	26566	0	0	28940	0
128	1315.1	843	0	65147	0	16074	0	13121	33866	43305
129	1377.9	860.8	0	16112	0	0	22102	56936	0	6374
130	62.5	420.8	0	0	69353	0	34199	0	0	0
131	291	808.1	53071	0	0	0	0	24125	8251	0
132	1253.3	1399	29309	0	16203	0	0	0	0	0
133	235.5	700.5	0	0	0	0	5544	0	0	0
134	851	403.1	34088	54805	0	0	0	0	4340	0
135	166.6	847.8	1102	0	74234	10697	38525	0	26492	0
136	201.9	1273.9	0	0	0	0	25129	61564	25091	70012
137	1117.8	840	0	0	22018	0	0	0	0	0
138	1490.3	764.1	34618	0	25326	0	50146	0	0	0
139	1340.7	1471.2	0	11200	72786	0	15535	52299	0	63100
140	228.4	1481.6	27206	0	0	68424	35751	68620	0	0
141	464.3	1224.2	0	0	0	74280	0	0	21721	24903
142	907.5	663.9	0	0	19644	7836	0	0	5998	670
143	955.3	1379.6	2505	22476	0	0	57713	0	0	20601
144	780.1	954.7	0	48146	0	0	0	33375	0	0
145	554.8	0.7	0	0	0	16881	0	0	32645	73988
146	768.9	660.3	0	0	33151	0	60352	0	0	0
147	725.6	674.9	2166	5906	0	13540	46002	0	29069	0
148	844.9	1213	0	40219	10267	42373	26169	36052	29561	0
149	1169.5	201.8	10662	0	55850	0	0	0	0	0
150	403.4	370	0	0	69637	0	9973	15531	18717	0
151	1129.7	153.6	0	68676	37061	0	0	0	0	18193
152	398.7	544.9	30535	19722	22055	0	0	0	66373	60091
153	1335.8	518.8	0	23100	30178	61283	0	32836	6817	0
154	931.2	993.4	61713	0	71444	71167	44608	73317	0	27502
155	713.3	90.3	0	14035	24084	0	27081	49413	0	0
156	105	562.1	0	19190	0	0	57980	0	43182	0
157	742.1	887.9	0	0	18179	0	0	0	0	34531
158	815.3	1120.7	68651	0	0	73974	0	0	54710	0
159	116.1	311.5	0	0	0	0	0	8182	51165	69392
160	584.9	341.1	18771	0	0	0	0	0	0	24807
161	1154.2	1343.9	11652	1761	0	0	43965	0	13132	2289
162	92.3	667.2	0	58891	23715	25791	0	0	57128	0
163	961.8	1225.5	39777	6324	0	49551	0	64063	63049	0
164	432.8	515.8	37420	5024	0	39621	5384	63041	48640	29773
165	1491	776.1	0	0	68014	0	23470	0	0	0
166	489	1045.8	0	0	45811	16134	16269	0	0	42882
