# cf931560-2650-4d1c-993b-adde5b20012c
8	8	8	189	49
0.0	123.7	198.5	142.2	36.3	16.6	31.6	19.9
151.0	0.0	55.1	88.1	193.2	159.0	156.2	169.8
137.0	183.7	0.0	123.4	32.0	82.3	60.0	76.3
104.6	147.9	153.1	0.0	76.4	139.0	83.8	66.3
132.5	61.5	174.5	114.6	0.0	26.7	110.2	89.0
191.3	73.7	34.7	112.1	47.5	0.0	183.9	157.3
121.3	196.4	80.0	17.1	77.1	142.1	0.0	28.6
31.2	35.8	102.0	128.2	59.0	39.2	95.3	0.0
1	29772	1	5
2	10171	5	8
3	71913	3	7
4	73593	6	3
5	77262	5	7
6	60820	4	1
7	20633	5	8
8	10224	4	3
9	23195	6	1
10	20604	4	7
11	36154	4	2
12	57713	4	7
13	37159	1	8
14	26991	2	8
15	77675	4	5
16	38439	3	5
17	13081	7	6
18	36398	2	7
19	21970	8	1
20	52291	4	3
21	49839	4	1
22	41608	6	1
23	17556	2	7
24	24514	7	4
25	15875	3	8
26	54703	6	2
27	66243	1	8
28	47095	7	3
29	63924	6	3
30	13566	6	6
31	59008	1	4
32	11915	5	2
33	49086	2	5
34	15685	7	6
35	77842	2	5
36	29231	5	4
37	38705	5	6
38	57617	5	6
39	46728	2	2
40	15098	2	5
41	68657	1	3
42	42068	5	2
43	56136	2	8
44	31081	3	5
45	41637	2	4
46	62241	3	6
47	49894	3	1
48	39234	6	5
49	11838	7	2
1	808.6	754.7	454944	441569	442285	423859	408107	483311	435972	391851
2	979.4	102.1	456603	440906	442614	426492	406509	484846	438118	392885
3	458	869.3	455470	442770	443682	424444	406550	482835	438293	394869
4	1448.7	453.3	455892	443329	443106	424326	406865	483443	437069	393062
5	405.8	1179.4	456496	440500	443394	425521	405662	483829	435029	393391
6	181	1125.4	456410	442699	440942	427658	406256	482350	436960	394484
7	156.9	101	456945	442256	440656	426993	407597	483448	437780	393883
8	609.7	106.1	455817	441845	443341	426420	407729	485724	436820	393471
1	193.1	620.2
2	1097.1	1036.5
3	1390.5	1118.8
4	1322.1	857.9
5	1060.3	1425.4
6	796.3	1126.2
7	308.6	513.9
8	1325	590.2
1	991.2	983.4	33443	0	0	61328	31545	0	18875	7062
2	1361	276.2	0	74712	17948	52209	3684	0	72157	15542
3	1080.2	879.9	0	74947	25528	12928	51046	0	6008	1661
4	963.1	583.3	0	0	0	0	0	0	33989	0
5	638.3	424.2	2947	0	23483	35819	0	0	14840	70105
6	106.5	1018.6	0	0	0	0	20610	0	0	23336
7	659.4	1287.6	64882	0	0	34014	0	43931	0	0
8	148.7	659.4	0	0	64799	32718	0	0	34100	53638
9	1402.2	1106.6	0	62414	0	0	0	40682	51447	0
10	148.8	675.5	49683	38835	18763	0	10330	0	38629	0
11	1180	1307.2	0	47522	0	0	11910	0	0	32440
12	967.4	9.7	10400	0	0	9729	57086	23691	16920	0
13	61.4	337.8	0	28300	0	0	0	67912	58703	11316
14	699.1	1469.7	0	18827	0	0	21221	3689	0	0
15	1029.9	744.8	54204	63321	0	0	70337	0	0	0
16	913.6	650.5	0	4343	15853	0	0	2357	7995	0
17	680.2	1187.1	64409	0	0	52216	35327	0	1598	0
18	1285	816.5	0	22925	35164	62930	0	56670	0	19570
19	471.5	427.4	20034	33899	59400	0	0	67510	0	74803
20	135.9	913.5	29819	0	0	65426	0	0	0	44665
21	358.8	31.6	42788	50684	13261	0	22695	0	27196	0
22	652	853.9	0	54479	20067	0	7341	39630	0	44124
23	1392.3	981.2	52347	6995	0	74864	0	0	0	0
24	841.1	936.7	0	31966	33959	0	0	5930	0	0
25	79.1	182.7	0	0	49558	32006	34792	0	53057	0
26	361.8	1391.6	0	54731	0	65113	23599	50350	3497	0
27	679.9	170.1	6174	17238	0	0	5709	0	39573	60971
28	1056.3	1037.7	0	0	0	0	0	50683	790	0
29	547.8	325.2	51458	29307	0	4769	0	0	0	41923
30	1326.6	156.2	0	65809	0	30778	0	6239	33897	0
31	92	587.8	0	0	10420	0	0	0	58042	57300
32	1327.2	563.3	0	0	53267	20284	74480	8762	0	0
33	745.2	1203.6	0	0	5917	0	0	30383	0	0
34	1199.6	1443.7	54548	32799	0	0	0	0	0	25995
35	1121.5	337.9	57861	3506	0	28530	0	0	0	58306
36	353.2	1076.1	0	55323	0	0	36351	57979	0	0
37	1276.4	1474.2	0	0	19435	17375	0	74918	0	56913
38	1450.4	1379.9	0	0	0	0	0	0	9999	0
39	780.8	531.7	34713	20773	0	32908	0	41066	18130	0
40	1484.8	1381.4	0	0	68415	27588	0	13067	25937	0
41	1329.5	1395.5	56415	27575	7672	28099	34837	0	0	39360
42	140.2	486.2	7486	36228	53659	20496	0	0	65667	0
43	729.3	30.3	0	0	0	47458	70349	0	72250	0
44	1325.8	182.7	0	0	0	70500	0	0	47902	0
45	206.3	1385.4	0	0	0	0	67490	69108	0	0
46	94.5	1053.9	0	0	0	0	0	0	50322	0
47	1188.9	955.5	0	56580	58819	0	0	0	0	37364
48	395.2	795.2	28949	0	72669	0	26526	61403	0	32420
49	1456.6	616.3	0	12108	0	53868	0	68880	31251	0
50	1283.8	503	0	37766	0	19271	38154	14404	33251	44961
51	481.9	422.3	63023	0	47799	0	57422	0	9451	35785
52	381.7	1262	0	0	0	0	541	0	22963	41018
53	1261.3	192	53488	18219	0	60072	63082	54810	0	0
54	1123	800.6	11598	11591	0	42012	39955	34100	44074	0
55	1388.4	1043.5	0	2131	50899	10436	56126	47693	0	0
56	248.2	760.5	23359	0	0	62004	15654	44010	12616	0
57	185.1	1138.3	40847	0	0	0	26127	52942	35598	0
58	414.2	663	0	0	0	0	9947	0	0	52906
59	141.6	1383.4	0	53554	0	16539	0	32244	0	0
60	311	406.3	29293	0	53892	27329	0	8764	0	0
61	1409.7	825	0	0	0	44052	0	0	0	48565
62	1289.6	973.2	41678	35959	0	0	0	0	0	0
63	232.2	683.2	0	60115	50248	60001	0	32560	0	50514
64	817.7	799.6	2999	0	61285	5186	0	3212	0	0
65	965	801.1	58738	58050	0	0	0	0	0	0
66	894.1	260.3	0	9332	61736	13069	0	0	20920	25660
67	1059.8	215.3	16156	62472	0	0	3724	0	0	0
68	257.2	941.6	0	25080	33401	0	14297	7862	20802	0
69	1152.2	1434.4	0	40612	60953	51533	0	40686	73337	66493
70	250.9	363	0	70725	0	0	71784	50146	10145	58973
71	985.4	421	2582	14707	5861	0	0	0	0	9719
72	552	70.7	0	921	12264	70859	0	57219	0	0
73	1222.2	881.8	43769	0	0	0	0	15943	68448	48433
74	231.4	894.5	37930	0	0	0	73647	15915	24997	0
75	473.2	791.4	15821	44749	0	0	65187	55707	0	0
76	622.9	777.2	0	0	61117	21880	26244	0	0	46906
77	838.4	623.8	18818	0	0	19944	0	0	0	0
78	574.7	899.6	0	0	0	0	24802	0	71906	38330
79	1097.7	489.4	0	47663	33865	35620	15610	0	10302	24202
80	13	1250.3	0	14592	0	64184	73812	0	0	0
81	14.5	330.8	41503	69025	11207	0	0	0	0	0
82	919.4	521.4	0	0	12380	708	0	46385	0	0
83	1389.9	442.3	61785	4944	0	0	6570	11014	60241	52730
84	623.9	67.1	0	68287	0	7567	9040	32812	0	0
85	1068	974.5	37621	24753	64193	0	63990	0	0	0
86	37.8	125.3	0	33999	21885	44919	0	40097	0	0
87	529.6	282.8	0	0	27010	0	35528	12709	60861	58868
88	479.2	1276.2	0	0	0	0	19262	0	17910	39438
89	336.2	1213.7	49913	0	0	48637	0	67267	2133	0
90	898.6	270.9	73949	0	0	0	70665	2736	44874	0
91	1311.5	1088.2	48986	3320	0	62398	54783	28844	0	71278
92	785.6	592.7	0	0	0	65783	0	72522	0	0
93	909.6	1065.4	0	2389	0	69152	27183	0	0	13372
94	289.8	178.8	34265	9067	7923	0	7301	0	70294	42857
95	1067.4	544.2	29885	0	55986	2109	29044	0	0	0
96	1108.4	352.7	21452	0	54800	5252	46134	40211	68188	0
97	1449	458.4	29241	49714	37569	0	0	1177	0	52731
98	682.7	946.3	0	0	5666	0	0	52623	26981	40305
99	74.2	650.4	71847	20098	53677	32606	0	0	0	32516
100	898.2	1277.6	41608	0	0	0	31194	22531	0	0
101	51.3	795.6	68517	17601	0	0	64793	0	40088	0
102	49.1	203.9	10791	10572	15864	0	0	0	65281	27681
103	237.7	1300.3	14974	51703	0	38250	0	33554	0	2531
104	320.9	835.2	0	2723	37510	0	0	0	0	31978
105	290.3	10.7	1865	50617	37458	0	0	70407	7782	0
106	1168	834.5	0	0	0	0	0	73327	59172	52614
107	1099.3	178.5	0	68054	7391	0	11862	0	26328	0
108	1267.4	9	66030	0	0	0	0	0	13866	28298
109	459.5	485.3	0	31955	0	0	13578	0	7262	20644
110	764.8	1074.6	0	5570	48833	19845	0	3849	73106	0
111	828	1007.9	25635	38994	0	56370	0	37078	19571	0
112	153	1030.1	0	0	0	0	31543	0	48712	45139
113	1194.6	117.9	56209	32705	49197	0	0	0	34865	0
114	39.8	354.9	0	0	0	50692	7173	0	17296	0
115	1466.5	763.5	0	35881	0	65159	11482	0	0	0
116	1338	148.7	52087	0	66726	37272	0	37574	35682	4197
117	747.1	843.6	0	69066	23487	0	0	44734	0	0
118	1084.8	246.8	50792	21684	0	56389	62628	0	4202	71655
119	1439	1328.1	42090	0	0	0	0	0	45620	0
120	728.9	1457.5	0	0	23155	71305	0	70793	0	0
121	717.6	983.5	33167	42732	0	0	3417	3754	56537	0
122	63	179.3	0	0	0	8446	17312	0	3342	0
123	370	1451.1	0	12922	5021	0	73439	0	59782	0
124	1432.3	1183.2	0	0	72176	0	0	53758	33771	0
125	1217.6	1046	0	38286	72609	44773	0	0	0	0
126	1222	1141.7	27481	19933	71620	0	15510	0	73701	7345
127	493.3	775.1	72327	0	27004	56465	1376	39897	0	0
128	1243.6	653.3	71553	0	3321	14667	0	54269	38671	0
129	989.1	677.2	71372	0	45895	0	0	0	0	0
130	687.9	1046.5	0	0	0	0	10921	0	0	71957
131	969.3	1278.7	0	27752	43962	0	69106	0	42915	50907
132	992.1	1395.3	20596	0	48378	5807	0	13773	20148	42210
133	491.8	1083.3	0	0	61333	19082	74203	65505	0	0
134	688.7	426.1	33020	27706	0	31454	9518	0	0	3811
135	1079.5	740.8	11913	63209	24139	74635	0	0	15643	0
136	730	373.7	0	0	39292	0	56796	0	66306	0
137	455.1	920.3	65052	51042	0	47813	47993	58669	68925	0
138	1174.6	788.2	53897	72484	0	0	32632	58749	0	40863
139	1061.4	1470.7	0	0	29483	33868	0	68879	57038	0
140	1010.3	870.4	55825	0	59355	0	53586	47758	47895	1156
141	595.9	80	0	66096	32665	4716	0	32257	21794	0
142	1008.8	666	61323	0	34354	0	63309	32261	32738	0
143	364.8	996.1	0	33816	62495	23585	0	24585	19422	0
144	1216.1	433.2	50233	50950	0	0	15662	0	37028	8101
145	1142.8	67.4	0	0	34242	45241	0	54445	0	0
146	911.9	270.9	0	0	25809	17520	0	0	0	6692
147	544.9	639.9	57941	64572	6881	55831	0	0	0	18019
148	569.5	1207	0	69603	48842	0	16742	0	8855	0
149	921.7	1316	0	35612	57991	18476	52044	0	0	0
150	790.9	570.3	50582	0	0	0	0	0	57724	11239
151	1124.5	521.1	12210	11123	53006	0	0	60276	0	0
152	1185.4	1091.3	9339	0	0	45409	0	72670	30219	0
153	206.9	532.1	40341	0	63614	44065	0	0	8006	69301
154	1296.2	958.7	42992	1474	24372	52450	0	0	9164	0
155	1450.8	1065.3	30213	0	0	0	0	45104	0	66073
156	632.3	537.9	15576	23654	5592	6687	0	72172	0	54834
157	327.9	444.1	0	27470	13173	20173	63973	14809	0	33984
158	693.1	9.6	0	0	69315	0	4454	61889	0	9734
159	504.8	378.1	0	29360	40075	0	0	4272	0	19769
160	460.8	1306.6	12336	8243	57040	0	37989	0	8863	0
161	236.3	885.6	17641	0	45883	0	59784	14613	62552	54331
162	1325.9	466.1	24447	0	0	0	0	0	68892	33895
163	840.6	1374.3	16301	0	5787	0	8350	67575	66735	26732
164	315.7	773.2	0	0	27546	4233	14392	0	0	66561
165	1396.4	374.4	0	0	39763	58939	0	38854	19136	0
166	1012.7	1102.1	0	46122	0	52600	6629	0	0	0
167	1191.7	1226	47858	0	0	0	35695	26636	0	14004
168	328.2	1037.1	0	0	54670	0	0	0	0	34333
169	277.4	272.6	0	61237	0	0	52169	0	0	42084
170	375.6	1039.1	33076	0	14913	0	43493	0	0	0
171	1149.9	337.3	0	0	63590	0	0	0	0	0
172	549.1	173.9	68040	0	0	35323	0	43706	38033	51158
173	912.1	1278.3	37564	0	0	0	14460	0	12833	0
174	690	368.3	53139	56279	0	0	0	4799	8434	0
175	974.7	1283.7	65779	0	0	10917	0	0	0	0
176	1224.3	236.6	0	0	3623	0	0	35066	31725	0
177	540.4	791.9	625	0	0	0	0	41738	26831	0
178	750.5	693.1	72398	24677	27936	68175	24857	74978	0	0
179	824.9	3.7	0	0	1989	0	0	28332	54643	0
180	976.8	479.2	0	5172	0	0	26742	65808	1487	22848
181	576.9	1458.8	0	0	7074	62749	0	0	0	0
182	12.1	707.3	57451	67603	0	11219	73667	61129	0	0
183	1178.6	1450.4	65094	41758	0	0	0	0	0	0
184	1392.9	9.6	0	32056	32560	0	0	55090	0	27861
185	1381.6	1245.9	0	0	0	0	41617	26383	0	9834
186	211.2	72.7	5530	0	0	0	50817	0	26651	52885
187	602	902.7	42140	0	0	0	59936	0	0	53864
188	1313.3	43.1	0	16992	30773	74047	0	0	29692	14188
189	844.4	18	0	26510	0	0	0	69073	0	8782
