# 1597a172-08a1-488d-ad12-9a6017bb51fe
11	9	6	145	33
0.0	182.2	156.5	197.0	132.4	87.6	35.3	80.7	84.2	78.3	180.9
26.8	0.0	115.7	178.9	32.2	139.0	171.6	15.9	57.9	81.6	180.3
10.9	111.8	0.0	45.2	53.8	17.9	67.4	95.0	150.8	159.2	190.3
99.8	83.8	138.8	0.0	197.0	75.1	11.2	134.7	146.2	82.7	86.8
115.1	181.0	156.4	192.0	0.0	138.6	55.0	66.2	102.7	189.2	26.6
158.6	126.1	147.4	32.9	71.3	0.0	143.5	49.1	133.0	27.3	67.6
88.3	96.7	52.8	193.4	85.3	60.2	0.0	65.2	114.6	196.6	172.2
58.3	51.2	168.7	76.5	159.5	75.0	192.7	0.0	172.6	140.6	104.5
86.9	38.6	53.7	143.2	41.5	102.7	83.6	177.1	0.0	196.5	164.9
71.1	44.2	148.1	174.5	170.6	47.6	90.1	144.8	97.7	0.0	27.6
118.1	26.8	62.2	113.6	28.1	37.7	69.3	19.1	11.5	166.3	0.0
1	31803	3	10
2	47660	4	2
3	18150	1	7
4	65339	6	2
5	45273	4	11
6	55187	1	10
7	22549	4	3
8	55608	4	3
9	28762	2	7
10	35186	1	1
11	50981	5	2
12	69389	5	5
13	75071	4	5
14	14736	4	8
15	79456	3	5
16	21332	6	10
17	68158	6	3
18	36438	2	3
19	69570	3	1
20	72486	1	8
21	47006	4	7
22	64882	1	7
23	74063	2	3
24	14685	3	7
25	46051	2	1
26	27970	1	6
27	51151	4	9
28	45948	1	8
29	76716	2	11
30	13185	2	7
31	29608	2	10
32	31495	3	5
33	19543	3	2
1	685.3	198.4	306701	329027	346134	307733	318028	287574	284368	319542	308156	347309	252325
2	175.6	399.1	305173	326927	345407	307764	316183	290507	284144	319467	310948	348253	250288
3	1315.5	138.6	306716	328249	344333	307468	317839	288176	284374	320349	310216	346423	252133
4	791.2	1182.4	305075	329908	344623	308615	318052	288254	281372	320576	308325	346015	251015
5	585.3	1499.3	308123	326710	347025	306729	319118	290026	281196	320015	309540	345249	252807
6	594.2	980.7	307812	327075	345326	309726	317657	288942	281230	320125	310590	346216	249927
7	748.6	1135.5	305769	326420	346061	309049	317209	289896	282385	320874	309779	346890	252644
8	984.7	282	305993	326847	346490	308420	318547	290791	284106	320222	307585	345054	250849
9	311.7	513.3	306371	327190	343751	310365	316441	288769	280934	318307	309542	348417	252161
1	708.6	815.5
2	503.7	960.1
3	594.7	374.5
4	311.8	849.7
5	112.9	638.3
6	705.2	520.3
1	133.8	451.4	0	39625	38157	2343	3903	38264	0	34467	70357	37496	0
2	42.3	775.4	21327	72612	28425	7476	0	73277	2050	0	70721	0	0
3	972.1	482.1	18360	53633	32407	0	24728	51321	0	72033	0	4669	22235
4	1248.4	521.8	74258	0	0	0	0	0	46918	30876	0	0	48825
5	196	1469.4	0	0	0	0	0	31617	5988	0	0	0	0
6	1329.1	380.3	61734	20475	29640	0	0	43659	0	0	0	45683	0
7	544.3	48.7	43856	62062	0	0	72151	0	33441	0	0	0	0
8	1430.1	582.6	0	16132	74845	0	2409	0	64788	36761	0	41192	58602
9	1006.1	1064.4	64269	0	0	0	0	47460	0	24993	69808	11601	39661
10	1026.8	1158.2	32562	0	68771	3798	74745	0	24786	0	0	0	42416
11	899.6	830.8	0	74285	0	0	69682	0	30828	0	0	48798	0
12	619	533.8	65030	0	0	26184	58936	0	46274	0	1930	0	0
13	229.9	681.4	0	61272	0	45750	0	0	0	6054	0	0	0
14	1225	916.6	53098	0	0	0	50254	1312	0	53588	57528	57834	14044
15	1370.6	479.3	34336	22769	15944	4249	23575	0	0	0	53663	0	53694
16	1050.3	1477.3	0	32220	45732	0	0	42905	0	0	0	0	0
17	42.7	791.1	925	0	0	7416	51101	0	0	0	0	0	14371
18	1362.7	1312.9	2208	66893	52553	48830	9717	0	70816	0	72583	45026	0
19	1134.6	629.1	42689	33480	0	53408	14612	55676	0	0	42715	0	0
20	978.6	303.7	66930	4329	60528	0	66399	7458	0	0	0	0	0
21	1102.1	456.5	0	0	24548	0	45427	0	55971	0	927	0	0
22	1237.7	695.5	0	0	59233	17349	43853	0	0	683	0	0	0
23	295.1	545	0	0	0	0	0	0	66573	45358	0	40508	58364
24	1380.3	918.2	49763	0	59955	0	4784	68404	27947	14878	62916	0	13300
25	783.5	46	51765	0	12134	0	0	41156	15952	57525	33913	10928	37874
26	333.8	284.7	0	33655	29904	42792	0	0	0	0	68014	8485	51808
27	394.5	269.8	74669	55840	65372	0	0	0	24983	70948	0	5201	0
28	210.9	406	0	0	0	0	0	0	26679	0	8650	70639	0
29	415.4	570.3	0	0	0	0	0	0	0	0	0	17164	16359
30	77.1	619.5	71462	0	61954	0	0	6392	0	0	0	74333	17821
31	515.7	1134.9	0	67764	19124	0	0	0	0	0	69248	21291	40820
32	1283.2	1302.2	19632	59400	0	0	57762	74276	52183	0	63150	32573	0
33	447.8	335.2	29490	0	0	40089	0	74110	0	0	0	6251	32105
34	379.7	830.1	42777	23506	41241	67693	65630	0	52117	64337	0	68461	6640
35	1411.4	802.8	45875	0	0	0	73075	0	0	28344	0	56630	32597
36	612.8	569.3	0	63306	0	26920	0	9517	44930	0	0	0	0
37	1346.3	1332.7	0	0	44816	0	7728	58469	0	16403	0	3675	23872
38	499.8	888.6	0	0	34906	0	0	49295	0	12160	66953	41776	7772
39	1155.6	1008.1	0	56079	61117	30943	9105	0	0	66513	0	0	0
40	157.9	473.9	0	42457	63924	33719	74719	26719	0	3447	0	63163	6216
41	14.7	842	0	0	0	4285	0	26115	28672	63607	0	61019	0
42	397.9	1315.6	58465	62322	0	13016	27780	10087	16793	23978	0	41064	71320
43	301.5	256.7	0	7793	0	0	8214	74466	45315	0	0	0	41609
44	1056.6	66.5	0	39039	23826	39817	0	0	13535	8062	0	0	17419
45	8.4	1286.3	0	14426	46249	58507	4229	0	12965	65196	0	18380	0
46	1213.1	52.8	26502	41248	72530	0	0	25639	0	29973	0	45335	45081
47	213	1021.1	0	0	0	43508	0	0	27304	22063	56621	0	0
48	392.7	1321.7	48880	0	0	0	0	0	0	0	0	0	0
49	911.8	81.2	0	0	59462	0	0	0	0	69603	0	0	39235
50	470.7	453	0	0	0	0	13399	18504	18566	21597	59308	0	54368
51	1455.5	1170.6	0	0	26265	0	0	48752	71181	0	0	0	0
52	1112.3	1307.4	13280	0	0	10796	0	33446	0	37838	51040	0	1342
53	575.1	1348.6	0	2762	0	0	29958	65720	36123	70762	0	0	74995
54	568.9	1366.4	0	0	25671	0	44458	46217	31978	41701	29228	65341	0
55	787.7	860.9	0	0	45547	54690	28723	12038	0	0	45711	0	0
56	342.6	682.5	36473	42447	0	0	62210	0	0	64492	0	38398	1502
57	1012.8	506	19953	71561	0	0	0	0	10761	45064	0	74198	0
58	468.5	679.9	0	0	0	47219	0	0	0	16954	15103	52570	0
59	350.7	698.4	0	0	16959	0	0	0	53580	0	40171	0	0
60	1459.2	102.5	8518	0	0	12494	29822	55973	0	0	10976	0	63827
61	860.6	1496.1	0	62039	0	0	16118	0	59459	0	0	0	0
62	566.9	1440.3	0	5864	0	6194	0	0	32577	0	68474	0	0
63	894.4	1202.9	0	0	2022	0	64273	0	0	0	0	0	0
64	0.6	559.6	36532	0	644	50105	15219	29407	0	57660	0	21449	21557
65	1311.8	1018.5	0	0	35096	0	70850	0	0	1217	23909	0	58939
66	474.8	140.9	33072	23994	24476	47813	57008	30729	66317	30390	58012	1504	0
67	1193.6	261	38852	0	0	0	0	0	0	0	0	30306	44653
68	428.3	543.2	0	60014	0	49967	0	0	22661	2005	52499	0	0
69	710	1461.2	47143	0	14619	0	0	0	0	0	40900	55901	21069
70	1233.2	1249.5	0	44202	0	52451	0	0	52732	0	0	38886	0
71	926	504.1	60930	40185	0	0	0	0	0	0	0	0	0
72	1392.4	710.8	42314	0	0	66823	0	12625	0	63171	20391	58707	31970
73	934.4	249.9	20603	23802	10522	39594	18482	33985	0	60880	45970	13051	0
74	1133.2	819.6	52491	0	49329	62403	69749	22514	0	0	0	32247	0
75	332	1141	17415	71932	48978	34167	0	0	53514	0	46692	72328	0
76	181.6	611	0	0	1016	0	0	58619	1582	69932	0	41151	30028
77	600.6	105.5	0	15206	64642	27956	0	58201	60404	58133	0	0	50138
78	835.2	856.1	0	0	0	0	45565	0	27684	68123	0	0	40501
79	1287	726	38155	44982	0	30663	20199	0	0	0	0	0	27401
80	1123.2	609	0	10999	0	0	0	0	0	0	8646	0	37297
81	1379.3	254.4	0	64583	39670	0	16730	51540	0	0	40833	28482	0
82	576.8	695.3	0	28446	11647	50402	42787	15207	0	0	67790	67406	0
83	1479.3	774.7	0	0	36912	0	0	65041	2404	10133	40926	74446	14416
84	602.4	714.1	61648	67726	9642	0	0	53154	58643	0	28147	46024	0
85	835.1	885.1	0	53028	0	7688	0	0	51323	0	27429	0	0
86	381.9	886.5	0	0	0	0	25304	51909	57277	0	0	3900	577
87	1353.8	12.5	41634	0	19598	0	50592	0	39416	31876	0	37488	9077
88	345.1	95.1	0	0	7180	29731	18226	0	0	68239	44103	42855	0
89	214.6	812.5	32526	0	18005	23945	8232	0	0	25820	0	0	1597
90	1133.2	252.3	0	58451	15774	24538	0	18520	51758	39614	0	0	0
91	98.3	1437.6	0	0	66788	0	49425	0	0	20138	45979	0	0
92	199.1	844.1	68840	0	0	41401	0	21248	0	0	0	65084	49785
93	1201.5	956	50909	56505	62215	32614	0	22663	0	0	47999	64085	0
94	586.1	550.9	40908	0	65861	50211	0	0	0	50699	0	36089	33590
95	1406.8	1294.2	0	46325	0	0	0	16837	0	70232	0	41394	6069
96	619.3	239.4	16774	0	68365	0	32630	0	0	0	36023	0	0
97	32.4	1121.1	58192	0	0	38670	30204	68626	0	50542	0	17748	66669
98	1370.9	754.7	2092	0	0	54479	0	9307	56502	0	0	0	29178
99	30.7	572.2	52342	70993	29306	33350	34042	0	0	0	0	3537	0
100	763	650.7	28044	4453	0	0	0	0	0	0	0	67289	0
101	402	1306.3	0	47923	57039	0	64542	32295	27170	27074	71505	65983	0
102	1060	463.8	0	0	48578	0	0	58835	0	3690	18780	0	38510
103	565.1	46.2	72675	56929	50519	71110	24940	59445	0	0	35547	67471	0
104	1083.9	688	0	7820	0	19935	14779	37754	0	17941	0	0	0
105	530.3	1364.7	6006	16251	0	0	0	0	0	58607	2048	0	0
106	203.5	790.5	0	10993	39567	49565	44721	0	47374	0	0	0	0
107	576.8	804.6	0	0	33077	49329	0	0	0	41753	37778	0	29222
108	1386.8	1052	0	30237	0	43354	59002	23592	0	28308	10924	0	0
109	1026.9	525.4	63691	0	0	0	0	0	0	29125	0	0	41330
110	1101.2	42.3	0	38956	0	13783	0	0	37700	68078	0	0	0
111	12.2	513.3	0	28104	27478	0	0	0	20595	42798	19955	0	0
112	1231.3	247.2	34779	0	0	0	0	0	0	0	0	39701	0
113	551	666.5	22097	0	0	11297	0	3815	47369	53959	0	0	0
114	483.1	182.7	22484	67724	0	0	0	0	51106	51106	0	0	0
115	133.1	1443.7	0	12812	0	9902	0	0	0	0	0	0	53997
116	1.1	1010.2	0	12181	54932	16116	74519	46661	39053	1876	61370	0	0
117	779.8	285.9	0	0	57953	72261	10866	0	58093	0	0	0	41961
118	436.7	975.3	0	8882	68703	72175	52298	0	0	0	0	69266	0
119	607.4	1245.9	48187	0	0	0	0	13235	0	0	0	68511	60779
120	127.6	67	66129	0	61904	0	63638	0	0	0	0	0	0
121	144.9	1023.7	74790	27304	0	18790	52668	0	35861	0	49429	9879	0
122	1170.1	827.1	0	37369	1349	22527	62141	0	60483	62752	33505	0	0
123	172.5	1363.8	0	4996	5444	68762	0	61738	11224	21032	0	7877	0
124	778.6	546	15214	0	0	72945	0	14852	53864	0	16494	54326	10040
125	857.7	211.6	0	9082	0	61758	30571	64728	0	74831	19576	48529	0
126	170.1	1264.2	48830	0	0	57969	0	19917	0	0	47208	38932	0
127	404.9	455.7	0	51689	72839	37139	38499	73280	0	0	0	0	0
128	1146	1407	21364	0	60217	44180	3585	26726	0	0	10579	20177	0
129	271.7	1424.4	0	55283	50026	38559	45799	11858	0	13638	0	23329	0
130	815.2	871.8	0	0	37159	2783	0	0	33948	0	41920	29067	6602
131	681.7	94.7	0	15591	55181	65305	33857	0	0	0	18998	47490	1983
132	1261.1	801	20279	0	20869	14985	26657	0	0	4128	30652	50507	0
133	882.9	294.2	0	26676	0	0	49439	11367	0	0	32420	65226	6269
134	236.4	281	0	31021	0	0	45614	0	8256	18443	69142	34610	39067
135	351.9	534.8	74411	0	7769	3105	51269	1823	0	61211	71622	24974	34946
136	518.1	1136.1	0	17855	0	15817	40550	64422	74999	0	0	22255	65924
137	301.6	796.5	20668	0	55663	24609	52908	60425	57373	17571	6270	63310	0
138	257.9	123.1	20323	0	28291	0	46283	0	0	0	0	0	5282
139	992.1	202.8	58937	68312	9092	35530	0	0	1297	0	0	0	2136
140	1194.8	379.2	0	70647	44831	0	0	0	0	0	47211	0	33411
141	856.2	217.3	0	55206	33573	0	0	30670	35120	31651	73493	25402	0
142	709.8	409.2	3843	0	0	36455	0	0	0	0	0	0	0
143	1192.6	438.3	13587	13017	0	53583	0	0	0	31409	0	0	74738
144	786.1	414.7	0	0	46625	0	0	0	43293	35871	13872	43416	0
145	1218.2	402.3	0	8360	10352	46760	0	0	20545	59452	47590	0	67700
