# 50d27485-9c02-454d-9d2b-65eaeaef4668
8	8	8	163	37
0.0	116.1	129.9	18.2	151.7	150.0	118.0	14.9
23.4	0.0	146.6	117.5	112.1	89.2	151.7	103.6
144.1	26.4	0.0	142.7	69.5	59.4	64.2	46.2
46.9	98.3	99.7	0.0	107.1	109.5	173.2	30.1
30.1	37.2	195.1	111.4	0.0	147.5	95.5	69.1
97.7	117.6	137.5	189.5	193.8	0.0	115.4	73.4
153.6	40.8	33.6	98.0	110.8	25.3	0.0	162.9
49.0	124.3	20.2	48.5	94.0	100.1	48.8	0.0
1	41932	4	2
2	15092	1	5
3	33941	6	5
4	66473	7	3
5	22504	4	2
6	31487	7	8
7	50462	1	1
8	18091	8	6
9	78568	1	3
10	78817	8	1
11	54303	7	1
12	60524	6	6
13	77122	5	6
14	49044	3	6
15	71867	7	5
16	10962	2	6
17	76100	5	3
18	37577	3	3
19	42404	7	6
20	47064	7	7
21	58137	7	8
22	39897	5	8
23	11087	8	8
24	36119	5	1
25	20519	5	7
26	54690	7	7
27	47327	5	4
28	71797	2	7
29	37376	6	5
30	67816	6	8
31	59968	1	6
32	37034	6	2
33	66607	7	3
34	44262	2	2
35	36352	3	7
36	55574	8	7
37	60794	6	3
1	220.3	108.4	386536	426780	401623	433556	463730	366396	389362	468601
2	572.5	1160.8	385838	426192	402267	433600	464312	362689	388897	468297
3	1241.9	269.4	384593	424500	401585	433188	463151	362780	388459	468185
4	835.7	1288.7	383084	426278	401303	432007	462322	365997	386405	466771
5	679.3	359.3	383534	425289	400361	432090	462386	363314	388527	468817
6	905.7	1430.4	383251	424976	401113	434250	465226	364182	390156	468038
7	1132.3	165.8	383375	426243	402667	432960	465679	365117	387254	467791
8	632.5	1311.4	386449	426101	401453	435052	464685	362750	386467	465810
1	829.4	32
2	1058.1	869.4
3	1126.5	346.1
4	51.6	1423
5	849.3	147
6	944.8	524.2
7	171.1	916.3
8	1315.1	717.9
1	628.3	211.1	0	4148	0	58549	15461	45576	52401	15712
2	610.7	399	0	68637	53023	26683	0	0	19666	0
3	1075.6	470.3	0	45170	2039	72912	0	0	0	48460
4	919.9	328.9	1595	0	0	54509	52573	0	0	41879
5	1257.2	616.9	50481	0	0	0	0	0	18596	0
6	1225	1398.9	0	0	0	0	0	70283	26986	0
7	791.3	180.9	0	0	0	0	69913	0	0	0
8	1177.8	801.1	0	3479	68239	43771	0	0	5244	54791
9	1440.3	556.9	71703	33166	0	0	48056	17434	29130	3662
10	1476.8	1384.2	0	0	0	0	65560	0	0	53398
11	1191.3	306.4	29175	0	33984	61178	55328	0	671	0
12	776.6	859.2	0	0	0	31773	0	0	0	0
13	475.2	1474.8	0	0	15396	51373	0	0	6571	65155
14	1070.1	937.9	57040	14102	50012	25877	70704	39205	0	0
15	812.8	555.9	0	23956	0	0	0	0	0	0
16	560.1	829.9	4579	18079	0	63276	11204	0	0	3232
17	797.9	623.5	42394	30307	38277	46297	44664	1122	5256	38016
18	696.5	852	54610	0	39527	5448	0	0	26380	0
19	741.5	693.9	0	48480	57870	17836	0	15585	38317	58720
20	838.7	554.5	0	53668	60895	54527	5494	0	39112	552
21	464.4	258.8	55939	28821	0	0	39065	66845	0	45048
22	744	162.7	0	73413	27638	15338	0	70410	61946	9934
23	860.9	1149.3	0	0	0	44531	0	0	54422	31790
24	1221	865	0	39610	72524	57976	64563	62066	0	0
25	527	1210.4	9130	37300	54364	0	22491	0	0	71143
26	177.7	1406.3	47515	18529	26053	0	31368	50403	64856	22812
27	57.1	55.1	36497	0	0	13037	72453	1966	27665	0
28	146.1	546.9	66890	15709	2367	7351	22564	0	65933	4488
29	945.5	972.3	0	0	0	791	69798	0	0	0
30	57.7	491.5	0	55034	30306	15789	74886	43864	49046	0
31	371.1	691.6	3347	26023	0	11456	0	4543	6845	0
32	1416.5	55.3	0	19993	0	0	63387	0	0	0
33	281.9	1205.1	9765	0	31607	0	0	0	58357	0
34	559.1	604.6	43829	0	0	0	0	11231	0	18479
35	369.8	499.1	7392	0	67532	43643	0	0	0	67725
36	945.2	81.6	20649	5574	0	62178	0	0	0	35914
37	1448.2	777.4	41353	0	0	1674	2215	0	9898	0
38	150.7	38.8	0	0	47673	7295	0	0	18277	0
39	1059.9	68.4	47798	13637	38557	4957	36658	49481	0	48363
40	1127.2	173.3	62598	66084	74507	59043	53857	0	19141	29052
41	132.4	399.9	0	19208	28459	0	17998	73924	0	73508
42	1388.1	1129.7	0	26625	0	0	0	19231	0	70618
43	844.1	878.4	0	0	0	0	0	31804	0	33259
44	103.2	730.8	0	28547	9006	0	66288	53015	0	11845
45	681	672.4	0	55414	0	0	0	0	46654	73400
46	1374.7	80.8	0	49349	0	41333	26814	2190	64445	0
47	273.2	674.9	0	0	43478	51790	0	4723	0	0
48	22.3	461.7	6104	63802	0	51600	0	70617	0	0
49	1079.4	632.7	0	0	57325	0	0	0	0	0
50	89.8	756	52055	0	30693	5347	72073	50546	58006	73488
51	126.3	1219	0	0	25047	34095	0	62247	55382	0
52	1319.8	389.9	57227	44023	3160	0	0	0	0	50634
53	829.3	1145.8	20068	0	0	1367	0	19535	57273	69339
54	1465.8	949.7	48455	40030	0	0	0	0	5979	0
55	584.4	408.3	37687	0	51491	0	0	0	12280	22504
56	593	580.1	29229	0	0	3085	50487	66855	0	31167
57	324.6	1336.3	18013	64456	58361	33701	3581	74520	0	0
58	363.9	1064.2	0	0	0	0	34204	0	0	24131
59	356.7	622.5	26002	71908	69138	17023	0	0	49256	24016
60	1290.9	909.4	0	0	30814	0	39285	20524	6087	72556
61	1200	873.8	20819	0	11942	0	7369	39278	0	0
62	622.5	573.5	52051	67663	13557	68360	61350	58408	6524	0
63	180	247.5	46355	0	14967	0	71677	36324	47874	0
64	1465.6	1416	0	38314	42130	26845	0	32819	52208	0
65	271.5	135.3	3893	0	22895	0	0	0	40162	0
66	1088.2	759.5	0	64682	27975	0	69906	0	29657	0
67	1358.8	204.3	53128	0	0	0	0	59392	3587	22587
68	199.7	48.8	0	0	38821	43745	0	0	0	0
69	159	652.1	47767	0	71179	25709	0	0	0	0
70	1163	345.2	60693	0	0	47969	55331	0	0	10110
71	752.4	1032.3	0	0	0	73092	0	18015	5268	52148
72	1485.3	1029.3	0	0	0	0	0	0	7422	66919
73	495.1	913.4	0	0	4313	26146	0	34499	0	867
74	854.9	247.4	0	0	29117	45136	52348	47969	8172	0
75	593.9	312.7	0	36265	73147	63190	0	60281	0	0
76	449.6	316.7	6518	0	0	0	0	0	43285	12722
77	484.5	532.6	28462	0	0	27427	53585	21169	0	0
78	39.7	306.4	0	0	0	38611	4988	55980	0	0
79	1042.9	518.6	9403	64941	0	74462	51576	7453	0	32501
80	804.9	797.4	0	0	0	65695	0	0	0	0
81	595.2	177.8	71492	0	0	27122	68264	0	65695	61496
82	501.8	1339.9	12593	32988	0	0	62659	27447	0	56475
83	1391.7	656.9	41273	0	0	0	0	74978	31429	25948
84	1259.6	830.3	38343	0	0	27428	0	13405	49521	56146
85	1028.9	167.5	6475	65215	9342	23391	0	0	26051	40192
86	442.9	404.1	37963	0	15387	0	55054	0	0	10497
87	1320.4	239.8	0	62999	30442	0	35725	0	43031	0
88	921.6	1385.3	25292	16110	0	0	0	0	13904	0
89	650.9	1154.8	0	0	0	0	56340	71362	0	21544
90	31.2	1316.8	0	52929	40271	22215	60484	0	5913	0
91	592.5	628	25805	0	0	0	40008	0	7618	0
92	937.7	1011.2	0	26862	0	0	64081	48274	0	39744
93	600.6	1469.4	48571	29159	29206	46226	0	0	0	62153
94	579.1	1478.7	0	69856	3379	33032	0	64952	0	25566
95	47.1	188.7	21437	0	29530	35536	0	0	0	0
96	1159.3	947.1	0	0	57054	67762	0	0	0	43982
97	990.8	90.9	0	39572	43035	0	0	39511	0	70901
98	1481.8	438	51409	0	19450	0	0	0	0	52588
99	295.8	902.2	32726	54158	0	0	67844	0	58976	60522
100	547.9	1175.3	0	0	8590	54061	39099	49018	14899	61518
101	391.8	311.9	0	0	40294	0	27065	5349	0	49406
102	339.3	1136.1	59095	0	0	34000	1445	0	0	0
103	667.2	324.1	5041	0	980	0	0	4654	0	44200
104	468.7	1105.2	0	68747	0	53668	0	0	61988	74022
105	707	1329	0	0	5180	74737	42332	56741	36192	16929
106	1308.8	106.1	0	0	0	39527	0	0	0	73581
107	1274.2	1193.3	0	51194	0	33708	0	28743	58257	74198
108	1202.5	1313.4	25205	66845	53707	0	51956	46911	29322	0
109	397.8	1230.3	62357	32108	0	67078	35303	6768	56286	0
110	619.8	868	0	74352	0	0	11054	0	0	0
111	820.1	203.3	27897	33958	0	0	0	0	69613	0
112	1044.1	565.4	49164	39076	56735	1650	0	0	0	72127
113	402.8	1367.8	67652	51488	0	45082	0	0	39763	63017
114	408.4	128	0	0	0	13588	19782	11461	51733	14202
115	225.7	228.2	0	11167	71377	20704	0	0	21093	21136
116	1060	617.7	54941	0	0	0	0	0	0	0
117	995	1383.7	0	0	0	28823	0	50484	0	0
118	1136.6	841	0	40567	838	0	4123	0	7460	14602
119	169.6	1006.1	0	60290	54624	0	0	60638	26412	0
120	746	580.2	0	43927	0	0	47192	26961	57211	0
121	203.6	388.4	0	2320	48336	0	28491	37117	0	27173
122	64.4	213	47668	2486	69956	0	0	0	0	46826
123	1326.7	580.5	51972	55925	0	0	10532	27124	22911	35159
124	18.1	939	0	0	30074	61335	61928	46375	63350	42143
125	212.6	872.9	0	0	0	69869	40615	50397	50604	43168
126	915	735	0	73569	72803	0	32267	0	48714	0
127	152.9	563.6	0	72940	7557	37203	53434	0	71277	12649
128	813.8	684.6	37314	0	52527	0	70801	0	0	0
129	1054.9	1217.5	27175	51203	38567	0	55035	1610	0	0
130	1014.9	555.3	32107	0	69448	0	26629	15203	0	0
131	533.9	506.5	0	0	62759	0	0	1482	0	0
132	263.7	1411.6	0	0	0	0	0	49598	0	0
133	1239.1	1090.6	50566	23999	72204	0	0	0	74738	4171
134	1256.9	268.7	0	0	16621	0	42344	0	49531	38286
135	558.7	745.2	65088	0	0	66860	28398	0	29118	1464
136	1124.3	446.6	46973	0	11732	48825	0	0	0	52021
137	839.7	499.4	59788	0	0	17708	48685	22832	56250	0
138	801.8	5.3	23930	0	0	0	74813	0	0	38139
139	1347.9	1372	0	0	72363	37950	0	46454	45362	0
140	589.1	377.2	30216	54102	60465	30242	0	1118	60850	0
141	1318.8	9.2	0	40571	0	16806	13756	0	0	0
142	878.9	279.9	20457	6312	71793	25087	0	0	0	0
143	292.9	1381.3	3719	72776	0	54454	0	20922	0	57887
144	1209.5	1455.8	32615	18409	10020	0	24947	0	0	59330
145	1479.1	961.9	0	0	0	10803	0	0	0	0
146	32.2	909.3	39857	23969	0	27166	0	0	28716	45648
147	7.7	570.8	0	27219	0	38185	68200	0	0	59430
148	1440.4	771	27303	0	13687	34821	42428	6570	4482	59739
149	898.5	1446	15045	0	16042	40940	51152	0	0	0
150	1200.9	373.4	29151	72642	0	0	50704	49479	27075	0
151	197.2	218.7	0	0	0	72053	47425	27336	48958	33051
152	312	100.3	0	18621	6165	17471	61676	20388	34531	39520
153	1164.8	319.8	27489	71982	0	67597	0	0	27075	0
154	1035.8	65.6	70894	10051	0	35136	0	39936	0	0
155	19.4	685.6	0	0	0	0	61331	32978	0	21750
156	1267.2	857.9	66616	72517	0	0	0	0	61462	53941
157	542.7	868.1	7928	14079	47659	0	68427	20657	49982	55564
158	510.2	953.3	0	0	0	8418	0	56745	0	6072
159	1055.6	5.2	0	55614	24301	48036	0	0	30557	0
160	1400.5	312.9	0	0	0	0	37526	0	0	0
161	1132.6	322.6	0	0	0	0	0	0	0	33386
162	1469.4	1259.4	23596	33842	66891	0	0	59535	59716	0
163	60.7	1335.1	62194	0	28840	0	66411	0	0	48358
