# 66eda707-96c3-462b-be14-3f7d0794af42
10	10	4	148	30
0.0	136.9	126.6	79.1	42.1	190.4	158.7	45.4	78.1	72.0
171.8	0.0	39.2	84.8	142.9	77.2	97.7	82.9	130.4	174.1
167.1	46.7	0.0	17.7	180.0	18.2	62.5	87.6	14.5	122.0
80.6	131.8	69.0	0.0	176.2	194.3	49.1	48.5	40.3	17.1
42.4	38.2	55.4	102.3	0.0	173.1	66.4	35.8	134.7	35.9
103.6	180.5	81.2	170.2	116.7	0.0	42.9	100.7	21.7	91.0
149.0	63.3	55.8	117.0	167.5	72.6	0.0	10.0	57.7	153.4
180.9	140.6	132.9	133.0	105.0	117.4	92.9	0.0	89.4	73.8
182.2	63.2	164.7	63.6	164.7	129.3	85.0	82.5	0.0	140.4
107.4	53.5	139.1	88.6	75.2	99.1	104.0	118.7	14.2	0.0
1	31515	4	8
2	69416	4	4
3	28596	1	6
4	45374	2	3
5	11707	4	5
6	16137	1	10
7	48288	4	8
8	58816	3	1
9	43356	1	3
10	73409	4	7
11	37457	4	1
12	35955	1	2
13	22777	3	1
14	66421	4	9
15	64030	4	6
16	14836	2	10
17	36724	4	2
18	71878	1	1
19	56441	2	9
20	10601	1	4
21	28575	4	8
22	38589	1	1
23	29375	1	8
24	50860	3	6
25	66666	4	8
26	70444	3	10
27	26857	2	8
28	77391	4	10
29	50365	2	3
30	38668	2	3
1	118	1064.7	273883	253364	257470	260262	281286	258504	248511	326055	259941	287268
2	1245.4	1069.2	273920	254798	256711	262718	280844	255874	248570	327922	260639	285734
3	212.8	431.5	272686	252765	258946	262897	279326	256541	249974	325454	260416	285432
4	1075.1	251.4	270456	253529	258491	262361	282227	255177	247963	327078	259674	286512
5	1409.7	661.8	272579	252659	258865	261210	281073	257693	246579	325924	257397	288421
6	72.3	169.6	272584	254338	256397	262148	282166	257998	246951	324504	260063	288921
7	861.3	1125.6	271548	254079	258753	263016	283152	258590	246344	327732	259109	288542
8	84.1	437.4	271919	253196	258084	262272	282214	257156	249991	324885	259541	288595
9	287	1392.2	271419	251493	255184	261738	280409	258573	248988	328133	258536	289306
10	1313.8	221.8	271156	254033	256026	260989	279369	256571	246214	327367	258168	287920
1	189.7	264.4
2	69.7	221.3
3	874.9	1278.2
4	1301.6	296.7
1	1244.1	393.7	0	18733	0	71207	73115	14662	0	48948	0	0
2	565.9	1087.6	0	0	0	41315	0	0	0	60129	10877	33634
3	924.5	760.2	0	23665	41875	0	0	0	0	58170	29894	74947
4	1379.6	265.6	0	0	0	0	54651	0	0	7993	0	0
5	843.7	322	27173	71136	0	0	30941	0	10769	50147	0	44690
6	1175.3	310.4	0	0	0	0	0	42891	4108	65201	24432	0
7	1409.4	1312.5	22330	32212	0	10569	64402	2474	0	17246	0	0
8	108.9	741.3	0	0	0	0	16504	37332	13875	13359	0	0
9	1483.5	962.5	24035	0	13691	0	0	37164	0	0	8777	65554
10	659.6	277.5	63034	0	13662	0	32370	0	0	66611	45236	0
11	1183.3	405.3	0	63277	0	60403	71220	27631	53180	0	0	28099
12	167.2	1165.7	20922	61432	46676	6531	56479	0	0	30495	44367	16966
13	6.6	735.8	68597	35048	0	9649	72873	51949	0	31743	73056	0
14	877	146.9	53400	0	64777	70775	0	0	26732	0	0	0
15	281.3	357	0	0	74236	0	11536	0	0	0	0	23050
16	1211.7	159	0	41302	24636	0	0	50898	0	49457	38237	0
17	786.9	199.3	0	0	0	0	0	57903	54995	0	51818	0
18	62.6	1101.8	33714	23993	52013	0	0	0	2067	65853	0	0
19	175.2	318.7	74230	2784	11619	0	0	0	0	38265	51697	2087
20	37.5	1001.5	0	67321	0	0	0	0	0	54637	51358	0
21	1325.9	426.9	74366	47516	13673	14112	0	0	0	23708	0	56864
22	1389.5	1242.5	18871	0	0	4168	0	52983	0	0	0	70582
23	830.5	1050.4	0	0	0	0	71196	0	0	0	28947	0
24	241.2	487.9	5719	0	22519	30776	40348	0	0	14101	53793	62577
25	33.7	1160	68627	18870	0	0	0	0	66219	53939	0	73179
26	137.5	605.1	0	636	64052	6315	0	0	0	69949	0	20071
27	254.9	687.4	0	50045	11627	0	32224	0	0	0	0	0
28	146.1	602.8	0	20507	0	0	12603	54606	0	1716	13909	34480
29	581.4	622.2	0	0	69351	71445	0	0	59795	0	0	35105
30	751.5	77.2	0	0	0	0	39821	0	3088	5805	0	3525
31	143.3	1094.5	22512	49879	0	52244	0	0	14734	0	41239	4543
32	372.7	1176.5	54935	0	0	17700	0	0	0	0	69751	0
33	1160.2	1245	9810	42611	44790	0	0	32310	0	8338	43121	0
34	1227.7	653.1	0	0	0	49472	0	17635	0	0	0	14513
35	1282.6	415	23945	0	15754	0	0	0	39681	6334	0	0
36	960.8	1304	0	0	0	19238	0	0	11476	0	0	0
37	1450.9	923.4	5478	56463	41137	0	19845	0	63320	0	0	0
38	91.4	779.6	18874	0	0	0	0	662	23218	0	38589	56397
39	1205.8	1110	0	0	17677	69120	30534	13311	45363	0	56441	69254
40	1015.7	824.6	0	0	0	0	51486	7165	0	34071	0	34890
41	852.4	632.9	9691	0	29864	0	7841	27777	22309	0	65087	0
42	15.2	678.1	11211	0	0	0	1754	0	0	0	15083	0
43	596.6	603.9	0	66815	0	61980	22200	0	0	56651	0	0
44	1421.1	586.6	35052	59358	0	44713	20399	25333	0	31094	0	35819
45	125.3	835.3	35338	36943	37323	42641	0	0	67300	0	596	0
46	97.5	1495.5	74686	0	0	0	0	17583	9721	8474	62566	0
47	148.8	1233.1	4853	0	0	2530	0	52016	0	0	17526	0
48	1314	1178.4	70075	0	33379	10927	0	0	0	0	12825	57575
49	1187.1	1019.2	30650	0	0	0	34468	35643	0	59876	0	0
50	879.2	850.2	0	8132	0	0	0	0	45268	19313	0	0
51	332.2	21.1	0	35378	72667	46956	0	0	0	64986	56339	0
52	970.5	53.5	0	7396	0	48118	0	32642	69196	42742	0	0
53	759.9	674.8	0	15649	0	23100	0	39064	16455	53539	0	0
54	975.7	1225.1	35396	52788	7397	0	0	0	25283	44026	0	43607
55	1066.8	1264.1	0	0	0	0	30417	0	0	57073	1809	0
56	71.5	730.9	0	0	22218	0	0	0	50511	0	27109	19674
57	472.9	15.2	0	4218	0	815	0	0	16102	47809	68491	0
58	200.5	1356.7	63564	11438	0	37853	58728	0	0	31016	0	0
59	1077.5	939.1	17261	48950	0	56134	5710	46798	30500	57435	0	61267
60	660.3	430.8	0	0	11242	63375	0	51950	56182	0	3266	0
61	1164.4	303.3	0	32915	0	0	40469	31001	36029	0	0	0
62	1238.2	762.8	43673	43076	59960	42499	13936	0	0	0	54521	0
63	368.7	1290.5	0	0	34942	0	18188	0	44619	0	0	0
64	1193.3	565.4	41938	0	11837	0	54197	0	0	64817	0	0
65	877.6	1268	0	0	22779	65956	0	0	35598	41461	37347	0
66	569.5	483.9	24939	0	33793	0	73297	0	10393	0	16776	48532
67	894.3	377.4	0	12125	0	16445	25480	0	26170	10190	0	38121
68	758.1	1005.2	39002	0	17309	0	15479	0	25141	0	6137	16550
69	170.2	671.3	2426	39549	22896	46095	5874	0	27902	0	0	0
70	375.2	1030.7	0	74544	0	0	0	31033	0	0	0	30416
71	937	748.5	14431	903	23856	0	0	0	49290	0	23741	0
72	374.8	1130.2	66901	39843	0	0	56737	0	36195	0	0	0
73	984.4	627	58490	0	62624	0	0	2035	0	60980	0	44462
74	1324.7	902.4	0	67839	0	0	54442	47277	0	0	35290	51076
75	1107.3	331.5	39812	33069	70095	0	0	0	67071	25500	0	60495
76	262.3	798.2	0	5646	57579	1659	0	0	44487	5105	0	39452
77	476.7	1419.6	71474	14531	43993	0	0	0	0	0	0	47368
78	980.9	1401.5	48893	0	65683	0	0	0	0	33718	14809	35415
79	769.2	252.5	45250	25096	19792	0	0	60256	0	32646	49233	0
80	442.7	1329.6	0	0	0	0	0	29147	0	0	12425	3764
81	1126.3	198.4	0	0	0	11159	0	56705	0	66803	18591	64836
82	936.6	888.1	40647	43096	8523	0	59392	5134	0	60461	0	59020
83	39.3	266.6	40357	40784	0	54993	0	46123	18389	0	0	0
84	465.3	416.6	6477	5763	36619	72251	73512	0	0	1094	13991	0
85	902.4	992.4	15596	0	0	0	62984	8425	42821	0	0	61054
86	134.5	357.9	0	73944	0	6534	0	17850	0	0	70104	0
87	982.7	210.9	18037	0	0	0	45502	0	0	33136	13157	51249
88	395.2	782.1	0	65630	29786	0	37372	0	16598	49944	2927	46162
89	231.3	1491.5	72789	0	0	0	46018	0	31032	0	0	0
90	228.1	973.7	0	9007	0	25269	3950	0	31397	50853	25390	0
91	1187.9	1203.4	2244	46146	0	50787	0	24467	34655	73056	2025	0
92	1390.6	103.1	0	21438	28861	0	56329	0	72416	0	41283	55395
93	478.4	698.1	14127	0	56620	37275	0	72051	70066	43461	19664	55479
94	89.4	1492.7	11259	6493	0	63110	0	22298	42914	0	50225	44832
95	222.8	1149.6	31936	31094	0	0	0	0	0	0	0	0
96	1208.5	999.7	16816	0	16627	0	60249	0	7217	27592	0	55126
97	71.3	1422.2	0	0	0	49419	0	33231	0	0	0	36494
98	269.2	410.3	0	0	37452	40582	44725	0	0	59774	43231	56341
99	1345.6	794.3	19148	0	4514	69547	0	69117	0	52222	19507	0
100	28.8	1426.6	28822	0	0	0	38133	0	0	62170	70580	16615
101	1381.2	433.1	0	0	0	22333	50798	31028	0	0	0	0
102	1453.2	1448.6	0	0	60165	44471	0	43139	0	0	0	0
103	1295.3	978.5	33300	0	36115	72972	0	0	20586	0	0	0
104	972.7	781.9	30120	0	55413	0	0	0	34526	18431	29597	0
105	1311.8	842.2	7948	0	3925	39500	0	0	0	0	0	0
106	707.3	397.7	0	31225	19343	0	72270	24756	24683	0	0	0
107	664.7	983.8	63775	0	16573	0	12735	0	64014	13950	38155	55290
108	914.4	96.2	35066	0	0	7819	0	0	0	0	0	0
109	1108.2	1234.8	67884	0	22589	34131	32730	0	0	0	58226	73498
110	300.9	1018.4	0	0	66636	0	62066	0	18715	63068	0	0
111	99.3	1138.3	0	0	0	0	29580	0	46150	0	71321	0
112	935	659.4	2021	0	0	20215	0	0	5478	0	0	23000
113	539.7	854.5	0	41544	0	64220	0	53568	32681	0	0	0
114	1263.3	701	18796	0	0	19499	0	61244	0	0	9787	0
115	22.1	107.5	0	0	0	73847	4787	0	19221	0	0	0
116	786.4	505.1	0	0	0	0	29988	36550	0	11251	57916	28135
117	1104.4	317.8	42350	27357	0	23924	0	66251	0	27146	0	0
118	224.7	405.3	36071	38506	0	0	27015	47271	0	68557	0	0
119	1190.1	1381.4	0	74721	44368	0	34525	34119	0	43532	0	59695
120	19.5	1139.6	0	0	0	72627	70208	0	27407	34936	0	8165
121	25.3	688.2	52913	0	0	17806	8287	0	13872	6922	43290	7977
122	489.9	702.9	0	0	63293	0	0	0	0	25219	17353	0
123	1043.1	1181.6	34621	56548	0	16912	1834	1080	18309	0	69059	0
124	1274.3	251.8	9223	0	0	54414	63468	53019	7691	56053	0	19880
125	320	808.3	0	28690	0	0	14008	0	0	29811	0	0
126	564.3	982	62647	37762	64297	31158	0	0	40866	46786	0	65992
127	372.8	631.4	0	3164	68825	68864	0	64748	58008	43015	61512	44918
128	388	1338.7	4650	58056	17849	0	11945	17703	59348	5035	0	47592
129	1039.7	115.3	36520	45035	0	0	0	57419	6144	0	0	67812
130	679.7	347.8	0	24498	0	0	0	0	38730	0	0	0
131	1036.9	1056.4	14978	0	70997	0	67081	0	33698	57970	8408	52929
132	347.4	1331.4	0	0	0	51364	0	50825	3686	40128	0	0
133	1090.6	1319.6	0	0	6192	0	44832	17186	0	0	67281	36976
134	1422.5	156.3	32401	0	0	0	1693	0	0	0	47984	0
135	918.3	1263	0	0	7493	0	13630	0	11000	24511	43389	0
136	660.3	1193	28050	0	5015	0	0	0	0	60265	17019	54662
137	312.3	1267.7	60804	48182	0	16250	0	26389	0	0	0	39982
138	798.7	947	0	73328	65080	0	38892	24326	0	0	20074	0
139	1379.4	1329	0	0	29641	44180	2780	52783	71534	20868	10391	0
140	1145.1	471.4	0	0	0	68568	74807	0	5368	7391	0	0
141	195.9	543.6	2888	0	36090	0	0	68506	2150	4033	0	0
142	1072.5	182.5	0	33091	26218	6539	14769	25619	28109	46864	47982	0
143	211.2	1104.4	58678	0	0	0	53911	61121	0	46299	0	45319
144	1053	927.9	0	0	43733	21952	7475	30138	41898	47197	24050	0
145	1366.1	1432.2	49786	33234	17341	0	0	46034	14502	2521	0	0
146	1171	74.3	0	0	45753	0	72932	50233	17624	74637	0	50497
147	796.1	1388.8	0	36618	0	0	12862	55536	12421	0	0	0
148	117.5	1252.6	12854	0	23558	0	0	53101	0	2152	72381	0
