# 862a3c21-d992-4fcb-830a-ef12fc71509f
10	9	7	182	37
0.0	43.1	28.4	67.6	109.4	182.3	110.8	146.4	169.2	159.7
190.8	0.0	159.6	52.1	141.4	134.6	62.2	94.7	72.6	144.0
105.6	90.4	0.0	138.5	123.6	42.4	170.5	168.0	40.4	142.5
30.0	120.9	68.4	0.0	186.8	18.2	44.7	26.7	112.7	142.6
79.5	71.3	85.1	142.0	0.0	144.3	147.9	179.2	13.1	41.1
106.2	189.4	84.6	56.7	86.6	0.0	192.2	21.1	107.2	130.0
104.3	197.0	43.4	24.7	92.0	130.1	0.0	44.2	14.0	118.8
17.7	155.4	178.3	160.1	164.0	121.9	29.4	0.0	71.3	106.9
108.2	108.7	28.8	72.3	183.0	112.1	63.3	38.4	0.0	105.7
35.1	89.9	140.7	81.1	32.7	192.9	186.1	113.9	53.8	0.0
1	30455	5	3
2	70632	7	1
3	30285	5	4
4	44921	1	2
5	77273	6	2
6	19364	5	10
7	45218	7	1
8	38197	3	4
9	41334	5	1
10	23073	2	4
11	21205	4	7
12	34393	2	4
13	52267	5	6
14	53896	2	6
15	54070	7	4
16	27240	3	8
17	73932	6	1
18	60818	2	10
19	38288	5	3
20	43150	3	10
21	23259	3	3
22	67426	4	9
23	28566	5	8
24	14649	1	1
25	45907	2	4
26	54058	4	7
27	73531	5	1
28	68308	7	8
29	29026	5	10
30	54355	5	5
31	30157	5	10
32	27683	4	1
33	54715	1	3
34	19215	7	5
35	28227	3	9
36	45911	1	4
37	19077	6	5
1	848.3	351.3	384616	358352	362673	385232	382570	347403	354840	404231	400796	391275
2	904.5	844.5	384428	357208	363021	384321	385083	345201	355768	404353	398609	392362
3	659.7	690	381903	356592	361258	383131	385737	347078	354772	404522	398156	391991
4	807.1	911.3	381866	358338	364837	385062	385770	345222	354497	406199	398661	390235
5	311.7	1128.5	384468	356767	362937	383021	383954	345603	352865	403873	401080	393460
6	531.9	820.9	383885	358686	362175	385923	385836	347146	353929	405144	398263	392935
7	1156.8	996	382794	358153	362670	384812	384447	345137	354134	406333	398900	391852
8	877.6	73.4	381141	356412	361083	382938	386399	345150	355916	405883	397574	391915
9	860.3	739.1	381187	357081	364818	385699	384364	344677	353955	406323	399587	391954
1	1475	139.3
2	1142.5	1281.1
3	1353	1421.8
4	354.3	1143.3
5	926.3	1379.2
6	145.5	293.1
7	767.9	124.1
1	1388.4	834.2	39210	0	0	0	37381	0	0	67943	35991	0
2	953	634.6	8709	23738	36360	37488	70851	0	41530	59767	0	0
3	779.7	1390.1	37318	70993	69736	6878	0	0	0	0	22330	0
4	528.5	154.3	0	0	51358	50592	0	18598	30750	15799	31698	0
5	1358	995.9	10569	50729	0	47217	61322	0	49060	0	0	66896
6	534.7	871.9	0	7521	12459	55331	0	0	0	51739	0	7910
7	1347.5	1460	52324	30289	0	0	0	17526	0	0	0	38529
8	233.3	1072.3	0	0	0	16382	0	16949	23343	0	38824	0
9	558.9	990.3	0	0	29604	64122	0	0	50389	0	0	0
10	901.1	1489.8	55551	686	0	57934	0	0	26156	0	0	31871
11	645.3	1026	43011	0	0	53329	0	0	0	37418	71807	53722
12	56.7	374.5	5555	69667	54910	65217	0	0	0	0	0	0
13	700.7	715	60981	66777	0	56735	0	49378	30598	42530	54334	0
14	1105.6	500.4	42289	0	0	50095	58250	0	56052	0	10900	57363
15	288.4	105	0	0	0	0	0	0	0	74634	70637	56689
16	461.4	523.8	0	0	10960	27782	0	28765	69800	25173	0	0
17	65.8	774.2	8312	12567	22386	1012	0	21817	51196	0	0	50000
18	1158.5	1187.9	0	0	37664	21617	4973	68466	35167	0	0	70217
19	1256.6	1119.9	30069	0	0	0	0	42705	0	35525	0	9204
20	1244.6	79.4	0	0	0	26608	0	68741	0	0	0	0
21	923.2	1219.1	39475	43174	45700	0	0	0	0	25565	0	39010
22	649.8	490.3	41690	9753	24732	74539	0	2060	0	0	0	0
23	1121	164.1	0	38658	11326	0	72037	0	73712	0	55745	69118
24	94.7	501.3	31509	0	19842	0	0	0	70892	19421	62986	53590
25	736.5	158.8	46690	0	0	28371	0	0	0	61744	0	0
26	527.4	1311	0	0	0	0	59492	29486	28260	55402	0	0
27	373.5	555.1	16813	18627	29773	0	0	0	25064	23762	0	0
28	436.8	1136.5	0	0	0	12246	59305	64008	0	0	70812	53325
29	1040.3	465.4	0	0	68978	29577	0	0	45094	13533	0	58038
30	566	709.1	0	0	0	0	24895	0	34249	0	29393	0
31	203.4	1059.5	0	0	0	0	0	0	0	0	40614	4789
32	637.3	783.4	4160	38544	0	10680	0	15402	51893	0	61924	13501
33	418.6	1439.8	62141	35235	0	0	16232	64125	48682	0	47697	61429
34	1106.4	1375.9	0	4327	0	47844	0	71234	0	46214	56413	0
35	531.8	667.6	0	0	7082	30226	25925	28965	55129	0	0	0
36	59.5	798.9	0	0	6698	0	0	0	0	47644	8166	0
37	907.9	440	0	0	36484	3361	0	0	0	38971	0	24074
38	787.3	1259.4	61473	72489	74063	0	21310	0	58243	41003	38784	7036
39	1088.9	30.3	0	0	0	0	21146	50648	6332	0	0	0
40	252	1435.7	72253	38461	53661	29875	0	53343	31220	0	0	20208
41	468.8	714.6	36066	0	0	67511	0	0	47219	12320	0	59093
42	509.6	165.4	16261	48285	34500	27169	0	7902	4143	60857	68478	65239
43	898	1469.1	12086	0	0	0	0	48226	0	45631	7598	44829
44	983.9	1430.1	60977	0	0	0	0	11391	0	69741	0	0
45	867.9	413.6	16485	20775	36083	0	46596	45526	0	58604	0	2383
46	239.6	887.9	0	19429	49991	71573	0	0	0	0	0	0
47	126.9	1471.7	0	0	5792	0	40189	0	0	0	0	0
48	413.6	1483.1	62512	41649	31354	0	0	74291	0	0	74148	62050
49	1201.6	715.5	40187	0	0	50166	12384	0	0	5842	62612	25750
50	884.1	518.5	0	21860	61407	0	66397	27537	49750	23374	14222	0
51	635.9	1182	0	0	0	0	0	0	54825	15294	38990	0
52	600.9	1488.1	0	0	0	0	0	29677	60467	0	28600	0
53	205	1444.2	16863	2518	0	30647	0	58673	49928	60310	31886	54279
54	311.2	569.9	0	65304	0	42356	42761	0	0	0	0	0
55	313.5	1014.5	0	0	10806	14404	72421	14165	10130	8244	0	3419
56	1148.8	1177.8	2908	2860	0	0	73629	0	39905	0	0	0
57	820	1044.5	23890	9925	0	47156	19218	42641	0	49960	0	48979
58	120.7	1250.4	56837	0	0	2464	39646	11536	0	10034	0	68979
59	451.4	165.7	67951	23795	46877	0	0	0	0	0	33104	0
60	1032	368.7	0	0	0	0	0	0	21517	56149	0	74295
61	967.7	1310.7	0	0	0	46582	34335	0	63108	0	29081	0
62	1168	244.2	14083	38166	0	31936	69448	0	20244	0	61882	0
63	697.6	774.5	21662	0	64478	0	0	0	15668	62557	0	5478
64	1218.6	1417.3	0	19464	0	0	46464	0	69334	0	0	0
65	569.8	711.3	0	61322	47877	0	0	0	0	0	0	0
66	727.5	339.5	0	0	34534	0	10242	64520	45223	0	71300	69363
67	693.6	987.1	13908	0	0	2883	0	65327	17730	35411	0	74460
68	284.8	871.5	0	69546	5490	0	37370	10687	0	27479	49239	58956
69	269.7	1002.5	16796	32649	0	0	39425	0	21261	0	0	9909
70	102.7	803	72177	0	15169	0	0	0	44053	44040	0	55905
71	335.3	566.3	51038	0	0	67718	0	0	0	0	0	21410
72	562.9	676.1	0	25800	58308	0	22846	0	0	57933	0	49557
73	580.6	1348.2	13020	65902	59650	0	0	53500	0	13972	0	9257
74	1131	45.1	0	22440	51389	0	0	0	50271	0	45160	0
75	516.6	1388.4	0	0	0	0	10414	0	0	0	59852	0
76	676	1300.4	0	6891	0	50978	0	56288	0	0	54101	20022
77	811.6	911.1	5108	0	0	0	7728	9234	0	50020	0	59536
78	1162.8	645.2	1935	48850	61811	0	0	0	0	74097	0	0
79	528.1	1154.7	0	23281	33106	16087	0	0	0	0	56603	18675
80	1218.6	1392.7	0	0	0	0	0	29895	0	8431	29564	0
81	447.5	468.7	30253	45300	22873	65123	10590	0	0	0	0	0
82	104.4	795.7	6210	722	0	0	72171	0	17277	0	0	41661
83	105	865.5	60220	63148	68394	0	0	30543	0	48928	31396	62942
84	910.9	1220.2	54492	0	53598	7596	0	37833	0	0	0	56739
85	845.9	947.1	45606	0	0	67251	0	9644	0	70901	0	34888
86	113.8	713.3	0	0	2545	0	0	0	2410	19142	57044	0
87	1386.7	535.2	63397	67879	35348	0	0	0	0	43440	25098	49768
88	1049.2	411	0	8055	0	43153	0	0	0	5318	0	0
89	306.1	176.6	0	0	0	0	0	0	0	12471	0	0
90	564.2	19.2	0	0	0	0	0	0	63010	0	0	57540
91	834.5	343.3	38381	54195	28704	15309	0	0	0	54576	0	56337
92	942.7	805.7	0	65775	60486	39241	0	38843	0	0	0	0
93	564.2	168.9	0	20364	14667	9896	0	0	0	68065	0	16505
94	363.7	598.6	15246	5891	0	39649	0	0	0	68869	0	55842
95	745.7	1312	0	0	58348	0	0	0	4498	0	18267	32279
96	368.3	282.3	20871	0	0	0	0	0	0	0	74169	37227
97	856.3	1246.4	0	0	11233	0	63430	0	0	0	61777	0
98	344.2	975.3	0	0	0	16788	3468	19608	51518	30713	0	13600
99	12.9	519	0	31769	0	10696	57467	0	5418	0	17594	28776
100	869.7	827.4	65569	0	0	0	0	0	57332	43885	0	0
101	1024.8	533.8	40022	23424	0	36293	49079	11856	43574	47459	0	31545
102	4.5	1289.2	0	0	0	27921	56661	68334	0	0	69964	0
103	298.4	601.3	0	0	43635	0	48965	0	0	18329	0	884
104	850.2	56.1	0	0	59542	29137	33986	32635	28573	0	0	0
105	1243.7	128.5	0	0	74891	0	0	65207	0	0	0	74940
106	1426.8	1295.3	0	0	62746	60293	44031	74847	0	0	53760	70789
107	839.7	406.2	47606	0	40542	0	66848	0	0	8911	25611	0
108	146.1	1454.1	0	1223	67912	0	0	3793	0	0	29984	0
109	1422	926.1	0	59641	0	0	53759	62753	47542	0	0	17212
110	1197.2	790.2	9337	0	66849	67736	0	0	0	0	0	13335
111	986.8	102.4	0	17999	0	0	43950	0	1614	55219	9376	0
112	541.4	999.3	59166	51603	8169	0	0	25717	28170	0	54815	1495
113	118.6	596.8	51326	42680	32663	0	47538	0	0	0	0	0
114	700	1366.8	5806	0	25518	0	68167	0	22449	0	15053	0
115	162.3	1035.5	18340	69108	0	0	0	0	0	65192	0	25353
116	512.4	1205.6	34205	0	0	22905	0	0	20619	70346	0	0
117	717.5	679.2	0	0	0	0	0	30744	0	16924	5380	0
118	375.5	768.9	19216	0	0	47017	0	0	0	57529	21313	0
119	507.3	1421.1	7837	7479	0	73771	47688	0	0	71217	65982	0
120	1480.7	578.9	68766	0	0	0	0	39981	0	0	35328	0
121	321.3	157.1	27356	0	0	69698	0	0	0	0	13807	61361
122	804.2	1231.7	57788	24672	0	23634	64522	26331	0	0	12918	4050
123	312.3	1258.9	0	29152	61035	0	0	24916	71978	0	0	72969
124	1128.6	505.5	0	26796	16976	0	0	9889	0	53722	0	5863
125	1361.6	934.5	0	0	0	0	11822	0	20173	0	26757	0
126	828.6	270.7	10006	21511	71764	0	0	38524	0	0	44001	0
127	179.9	522.1	0	70331	9891	0	62092	31222	20320	0	0	43678
128	1480.1	542.2	19214	0	0	0	24590	0	0	0	48303	0
129	91.8	239.7	0	18526	21584	0	29828	70883	21541	61465	19638	0
130	762.3	98.2	0	0	0	68681	43706	19042	71948	0	0	0
131	966.3	1391.3	0	0	0	54869	0	0	59092	0	0	0
132	645	549.1	0	0	37148	0	29217	0	0	40454	22185	0
133	1387.3	1393.7	60050	64152	0	0	63676	0	0	0	31966	9963
134	1438	946.8	19249	5835	0	0	19951	54586	0	45214	0	0
135	218.8	222.1	0	67555	9631	0	35729	0	56229	0	73576	0
136	319.7	856.6	0	0	22275	0	58665	24279	0	0	0	29547
137	1200	1314.9	0	64149	31374	0	5079	0	0	0	71502	37064
138	751.7	822.7	54150	546	0	47763	0	57081	21235	0	56023	42618
139	1477.7	513.1	47793	66215	0	39311	12005	0	0	0	0	0
140	523.7	1286.2	0	0	0	0	0	1147	65941	48193	0	3099
141	25.4	1030.1	42590	0	40469	0	55597	7009	0	23377	71671	0
142	121.6	757.7	45148	0	0	53605	0	0	46072	0	0	1994
143	1126.6	62.6	64261	5172	0	70919	69150	0	0	0	0	0
144	1433.7	738.9	0	37509	0	33904	13568	0	0	8152	33627	0
145	646.8	923.4	34786	71508	0	44387	0	0	31049	0	0	5505
146	775.3	527.5	0	0	35362	21051	0	0	70607	15759	3056	0
147	1148.3	630.1	73248	0	0	0	22135	0	21911	29024	0	61217
148	1074.9	537.6	0	14009	0	36198	0	0	25245	7332	70579	14876
149	858.3	533.5	3746	30194	57527	68462	34685	35464	0	0	28810	0
150	869.1	553.4	9232	32804	42156	0	14919	0	0	0	68466	0
151	668.4	1498.6	0	47586	0	69750	70420	0	49479	41551	50734	35603
152	1322.4	474	49195	0	0	0	13681	32480	0	21293	0	48973
153	512.1	1315.4	0	54866	0	0	7333	6496	0	0	54144	0
154	1031.4	1358.8	0	0	0	49337	56428	63733	67928	43925	0	1716
155	806.9	780	0	0	69097	0	8156	5521	49944	0	34046	0
156	973	1489.3	30268	0	24358	0	2545	0	0	0	0	2510
157	1047.5	1092	74336	17915	0	0	0	26312	0	22304	38310	18286
158	528.7	1154.6	0	53315	522	26590	0	0	20765	70235	0	0
159	440.7	1180.2	0	0	63312	0	0	0	0	0	56120	13059
160	955.6	1386.3	13721	15676	0	19623	73349	62170	16931	0	25260	0
161	135.2	372.1	41001	0	2833	65179	51151	32748	31620	54267	0	46732
162	937.7	507.4	44637	0	16369	29602	53174	0	44064	24458	0	2253
163	743.9	1282.3	67280	0	3066	74980	59726	0	1964	40127	39132	0
164	624.6	436	27093	52140	0	43859	0	23660	0	0	0	0
165	709.6	691.3	0	0	0	16550	0	49872	0	0	36643	64067
166	342.4	1125.2	0	58989	67858	1619	0	0	0	38505	48403	11735
167	737.8	862.8	548	6421	0	14340	0	60512	0	0	0	0
168	1291.6	1371.1	0	0	0	70178	0	74644	23211	5600	0	0
169	806.4	993.1	56794	0	53094	0	42371	0	16257	0	36095	0
170	946.3	188.8	0	3059	55886	35600	0	51773	0	50093	0	69944
171	416.9	476	49632	52401	15088	58929	74395	41221	0	40067	51672	0
172	942.5	580	0	44139	3051	0	57877	31628	0	0	0	62507
173	836.9	29.1	22621	0	17548	0	0	0	52626	0	0	0
174	1055.1	1262.9	11181	0	0	0	0	0	0	43876	0	72633
175	1457.5	331.3	5655	0	0	0	0	21591	0	61170	0	0
176	285.1	1154.8	7462	8656	0	0	0	18859	0	0	0	14188
177	261	802.9	46201	0	0	0	27527	53380	50757	25010	0	38735
178	226.4	644.9	62605	57430	33653	0	38990	35126	44491	72106	0	0
179	510.4	11.1	59179	57329	63797	31374	3248	0	0	0	54182	0
180	458	1267.2	0	0	41168	37315	71001	0	0	0	16063	15637
181	1006.1	578.9	26671	0	0	0	58785	0	17452	63575	0	0
182	1488.7	825.5	0	71154	0	0	0	67769	989	55112	31271	0
