# 1ed12d9c-5d38-4cb2-af3c-390234c779a3
9	6	7	157	47
0.0	124.6	101.5	99.4	185.2	68.2	91.7	45.1	189.0
47.6	0.0	49.6	161.9	63.2	15.9	172.1	195.1	109.8
97.2	28.7	0.0	173.1	170.8	126.3	107.3	61.7	21.1
63.8	25.8	197.3	0.0	25.0	161.3	183.4	166.6	79.6
153.2	121.9	38.8	23.4	0.0	182.4	190.4	155.6	132.8
13.0	18.3	31.6	53.1	115.4	0.0	136.7	70.6	198.4
107.3	80.9	49.6	49.8	110.8	132.3	0.0	21.4	70.5
28.7	151.4	173.7	120.4	148.6	88.5	33.6	0.0	159.8
12.8	62.6	71.5	194.2	187.9	163.9	61.9	19.1	0.0
1	72649	6	9
2	34611	3	4
3	41757	1	5
4	20209	2	3
5	16352	3	3
6	19881	6	9
7	72399	2	8
8	11025	5	7
9	19432	1	1
10	65044	7	1
11	48913	1	2
12	21125	6	3
13	61272	5	9
14	56186	6	7
15	55575	6	7
16	51632	4	2
17	17391	7	1
18	52915	6	7
19	54368	5	9
20	75810	6	3
21	52917	6	1
22	53176	6	6
23	35529	5	5
24	65755	4	5
25	54568	7	5
26	60973	6	1
27	55237	4	5
28	24348	7	8
29	18195	1	2
30	71140	2	9
31	41933	1	3
32	20788	4	5
33	63170	2	9
34	32082	3	1
35	41857	3	9
36	49124	1	9
37	39193	7	5
38	59231	7	9
39	68261	4	2
40	68218	6	1
41	36862	2	3
42	22296	2	1
43	47139	5	3
44	46459	2	9
45	24614	3	5
46	26649	1	6
47	78663	4	3
1	291.2	1158	532068	525397	436384	437859	597286	492014	438709	552211	526374
2	283.4	735.8	534331	525723	436340	436977	599383	489822	438866	550492	528184
3	768.3	1245.6	531924	526079	436377	439620	600181	489654	440338	550712	529025
4	1006.3	766.4	532383	524568	435315	439782	597986	489949	437058	553003	528797
5	1367.4	1096	533623	525151	435535	438835	597713	489819	437116	550320	526327
6	1437.3	512.7	532655	524290	434999	438606	597527	492859	438353	550895	528476
1	1453.8	554.2
2	595.7	654.4
3	280.4	880.6
4	1018.2	1492.4
5	1327.9	1113
6	415	599.5
7	883.8	1181.3
1	1029.8	82	49098	57467	0	0	0	0	54638	0	35442
2	935.9	1129.3	16934	0	0	0	0	0	40982	16876	0
3	502.2	1211.6	0	4728	59853	0	52129	35189	64832	56704	26467
4	583.6	221.9	0	0	0	0	0	3498	48179	0	0
5	1061	389.6	0	17495	47481	0	35453	0	0	12361	0
6	139.1	330	0	11364	0	0	0	0	44340	73873	0
7	733.8	262.2	6244	52120	52091	22159	0	35118	23722	0	32867
8	889.7	1160	55188	34392	3796	0	13093	0	0	45505	71693
9	1207.8	608.6	32635	45466	0	17089	0	0	66314	0	0
10	1153.9	733.9	0	61027	0	0	6847	0	52123	0	0
11	1286.8	38.6	41329	0	0	74244	3649	0	0	0	0
12	701.1	1237.4	0	8637	34042	4145	46700	0	0	2723	26760
13	1285.6	1150.9	25515	0	0	53574	0	0	0	0	9245
14	1339.4	805.9	850	43426	1883	0	41952	0	0	0	0
15	379.8	1212.9	58164	21765	10426	53221	59783	0	0	0	0
16	1293.8	269.3	55132	0	74694	0	0	0	0	0	0
17	874.1	1472.4	0	0	19041	0	0	33123	0	50679	25955
18	245.7	1428.5	53748	0	0	0	0	7908	0	71870	1427
19	4.1	1340.1	0	46457	28893	0	0	48129	0	0	10581
20	182.6	1204.5	0	25612	0	42183	0	0	0	0	53202
21	1477.5	1002.8	0	0	0	0	56529	67019	35463	21722	0
22	865.8	602.8	36297	0	0	41148	0	13420	0	0	0
23	1320.5	358.4	0	70970	67846	10765	10189	0	68463	22847	30421
24	1045.7	1353.2	48796	63208	0	0	6439	0	0	0	0
25	7	884.4	0	3408	0	0	0	59417	0	61317	0
26	509	445	0	22659	34388	0	0	0	0	0	45788
27	581.8	763.9	0	71085	36986	7555	0	0	36728	41277	0
28	982.7	313.5	0	0	0	69614	10027	12243	20586	0	0
29	1413.8	1151.5	71465	0	0	0	0	19194	0	0	0
30	384.7	1465.9	46465	5618	0	741	45463	0	33840	34529	65038
31	1430.3	926.1	0	44147	24690	17005	19646	0	40778	45149	42812
32	630.8	1481	9223	0	74533	2631	0	0	0	0	61646
33	1145.5	337.4	53215	0	0	65738	11888	31704	0	60914	0
34	1432.4	117.5	0	0	8208	0	8764	14149	42592	0	19831
35	503.1	228.9	0	25545	0	21316	0	4884	0	13142	0
36	42.2	1417.2	38642	45807	3892	3049	0	5042	5544	73254	0
37	71.8	1452.8	60122	0	26839	0	71423	0	19205	0	8328
38	1370.8	1157.4	8077	0	0	0	0	34150	0	22527	9789
39	266.3	961.9	0	0	0	63552	0	0	0	29339	0
40	1339.1	507	0	23281	17731	18473	69987	0	0	49825	32231
41	310.3	672	0	28418	0	74772	16948	57373	12414	10832	0
42	640	1224.8	0	9594	38500	0	38604	51074	8898	0	36152
43	1135.7	750.9	17643	0	0	0	71321	0	0	3533	0
44	962.1	276.6	0	22529	6976	0	0	49649	38878	64426	0
45	707.9	37.9	0	0	7274	49203	0	0	0	0	0
46	629.9	1142.8	47579	0	39136	28805	44027	21581	0	36602	0
47	1236	633.4	0	0	11365	0	0	0	0	18436	24282
48	1207.5	809	0	0	0	0	0	0	0	0	33402
49	498.5	1455.6	0	0	17966	0	0	0	0	44303	15570
50	548.6	872.2	0	0	64965	0	70853	34431	19617	35776	74119
51	920.1	516.4	58245	0	32207	0	62816	0	0	60734	0
52	220.8	925	0	48906	41706	0	41545	32483	43086	3476	0
53	580.9	483.9	64693	0	0	621	34436	5229	29941	0	0
54	178.5	313.2	0	68560	67594	45171	0	69372	36936	0	63623
55	1289.2	768.7	546	57393	0	51540	44497	51750	69444	34013	1665
56	1364.1	43.2	0	19767	25786	0	0	35544	0	18108	54989
57	864.8	1440.3	0	70098	60059	46748	0	0	0	0	17444
58	532.5	964.5	49368	0	0	0	59738	35913	18838	23770	19897
59	1160.1	620.3	14710	0	54181	0	0	32362	46235	6317	63697
60	372.2	861.2	65474	5704	0	12095	54924	0	15839	0	46293
61	285.7	1206.4	47042	59429	0	0	688	0	68807	0	0
62	591.7	340.3	0	0	57835	58338	0	10001	40448	38693	12630
63	1478	1021.3	49612	16495	0	54729	0	58644	0	0	0
64	568.7	1472.6	20800	13663	0	0	0	0	40529	22159	58190
65	173.1	1157.7	0	0	39805	21328	0	5991	3906	32677	0
66	1453.6	956.8	0	0	0	52823	0	44196	61481	72464	0
67	1171.2	558	0	56539	0	14106	0	0	0	0	40820
68	1177.3	350	0	24740	72550	53792	0	18376	0	0	17330
69	532.7	1122.4	43688	52898	31007	57368	33352	0	0	0	0
70	579.3	710.5	0	0	39271	17147	0	39160	0	44842	0
71	1353.8	443.8	0	0	39549	47465	39395	0	60282	71420	0
72	407.4	166.9	32801	24928	0	24539	74246	38268	0	23453	51720
73	762	321.6	16747	0	0	41768	0	5907	0	25441	53642
74	1098.8	737.9	19902	0	57545	0	52102	71085	0	0	13013
75	924.2	1324.5	64654	57254	0	0	0	52381	42059	56213	0
76	338.7	70.1	0	0	0	0	65322	44329	57034	0	0
77	988.1	1302.4	36785	0	0	0	0	0	71290	19540	41907
78	620	977.4	0	35426	24703	15604	30560	0	6560	0	0
79	1274.7	962	57300	28844	0	26505	63496	0	48437	0	70240
80	172.7	490.8	54115	72993	40223	51249	0	19855	0	0	0
81	793.1	1127.3	20819	70900	0	0	24127	56066	0	0	18631
82	880.5	1321	26772	0	0	11219	63526	60609	0	25985	49516
83	403.3	775.9	48350	49658	5165	0	0	0	0	0	71185
84	1026.5	169	10468	7921	24326	0	67932	0	60640	0	48740
85	577.5	550	4343	0	13966	51693	0	0	69251	49662	38796
86	1054.9	923.4	70494	55220	6926	5076	0	17187	0	50929	0
87	871.5	912.1	0	0	3064	0	18592	62145	12590	35078	44566
88	713.9	88	0	52964	0	0	29901	0	0	56718	0
89	981.6	503.1	0	0	25077	25794	24365	0	41990	38838	0
90	599.6	67.8	0	54640	14040	0	60133	32065	13346	26997	0
91	1274.5	33.5	0	38562	0	0	0	52704	54364	58358	50849
92	1198.8	1499.8	538	0	51861	0	65806	43065	0	34748	0
93	801.8	803.5	38457	0	0	0	26058	0	0	42585	0
94	918.3	1493.1	42584	0	0	0	70478	42746	0	65490	0
95	1175.5	1187.8	29846	3207	27155	0	0	11932	0	38628	24122
96	1308	359.6	0	0	0	0	0	44192	69781	0	56627
97	1070	863.1	41949	0	2323	31506	0	47033	0	38656	0
98	352	553	38824	0	0	15472	73190	71526	6785	37338	48663
99	573.3	793.8	45492	0	0	0	47467	4461	0	6388	51478
100	639.9	64	0	0	2981	60975	0	47583	67198	0	0
101	887.3	1033.7	11794	0	7703	22984	7103	44489	58029	0	0
102	28.9	718.2	0	0	6093	68168	0	0	0	9291	50212
103	1483.5	794.4	0	7177	53824	0	0	0	0	0	1887
104	1247.3	595.1	0	8250	11376	4871	0	44951	0	1853	0
105	1267.5	915.6	0	11563	54461	0	70431	4138	0	30426	0
106	1182.1	648.9	71562	47629	0	0	74284	0	2340	23016	51254
107	1299.3	339.3	54742	39665	50578	0	63460	0	34030	65193	65816
108	985.6	1384.8	0	14467	0	0	46825	55211	0	19696	49713
109	342.6	702.1	0	0	66763	30559	28415	0	0	71921	4716
110	1302.8	998.8	0	0	26043	0	0	73112	49690	56679	41709
111	312.8	1383.1	28828	0	0	39042	0	35532	0	0	0
112	781.1	276.9	0	17126	0	0	70911	8060	0	0	48175
113	972.8	1475.5	37550	0	0	53081	0	0	0	0	0
114	1454.7	367.3	3827	48368	29394	0	11617	36730	52978	0	67681
115	329.2	30	0	0	59889	31319	73437	0	0	74823	0
116	300.2	1284.1	0	62403	0	57831	66149	0	0	11523	23117
117	760.6	1450	0	68355	70853	0	61558	43039	0	50473	0
118	919.6	302.9	63167	33418	0	0	12295	0	2751	72429	62321
119	1286.5	1119.7	53921	0	0	26588	17703	0	63035	42220	0
120	163.7	1269.1	68508	0	0	0	0	0	45057	0	0
121	713.7	1073.5	4113	20035	0	8371	0	3247	37043	41212	0
122	180.2	1262.3	11942	2123	0	0	0	0	0	0	67769
123	895.2	1137.3	62807	0	0	0	0	48001	0	0	0
124	1321.3	1352.2	0	5008	0	54383	0	13254	0	0	27338
125	853.3	454.2	54553	29064	26935	27379	71109	0	19414	0	29141
126	541.9	1133.5	0	64256	0	34969	47294	28169	5183	0	71800
127	33.9	363.9	61157	0	0	24853	0	0	24245	0	40860
128	916.5	417.8	32663	41518	64807	64425	41492	74459	0	0	39048
129	994.2	1162	0	0	0	0	0	57743	34460	0	0
130	479.9	1271.8	39818	28185	0	0	52915	0	0	36538	25137
131	871.1	331	0	29908	0	0	0	24702	0	45766	18085
132	17.5	482.9	0	52165	0	49546	23261	0	0	0	0
133	379.4	480.9	0	0	44108	0	64102	0	22980	0	0
134	844.4	77	55565	0	0	69586	0	0	0	0	54842
135	752	515.9	21766	34191	0	0	0	0	0	30236	32718
136	371.3	1498.2	34834	58544	40735	28312	0	1229	0	3344	62507
137	70.4	1051.9	39748	41956	4354	0	61523	58530	0	4702	41606
138	860	1461	28535	14638	48514	0	0	23754	670	0	0
139	410.9	1030.9	68695	54119	55025	30137	62041	0	17859	0	0
140	1453.5	1125.3	30345	34467	1345	44427	38640	0	63779	6518	21742
141	1050.2	858.2	0	0	0	0	35884	0	0	0	875
142	190.4	705.7	0	13077	28938	27478	44863	8653	0	31902	0
143	777.7	278.5	46747	0	0	13341	47515	28722	21632	0	0
144	1423.1	1361.8	0	0	0	0	27548	0	0	7433	49803
145	194.9	760.6	0	0	0	43364	69106	57834	44147	0	0
146	1100.3	79	59356	17866	0	61097	0	38288	7561	0	37930
147	968.9	1224.5	41938	0	0	0	10063	0	8830	0	0
148	885.2	1417	10262	51395	7729	0	0	27873	29136	0	0
149	516.6	1407	59005	74835	0	0	13810	0	0	0	0
150	696.8	1102.9	0	0	0	0	0	27952	5466	57646	0
151	791.2	387.8	0	35831	70312	0	40495	0	6965	65174	5195
152	1410	0.1	22497	0	0	0	37309	43615	0	38928	0
153	1389.1	314.9	6583	48370	0	0	73683	60473	0	60428	45646
154	63.5	211.9	45444	32709	47347	13603	69272	5689	0	72335	45735
155	254.8	939.3	0	51141	0	0	0	0	0	32886	39742
156	1003.1	1181.4	0	0	39002	0	0	51941	0	48696	0
157	193.1	1081.7	0	27422	0	49046	0	0	21466	0	0
