# ecdeed6e-1bbd-438e-9ede-6a642495cb08
11	6	5	166	30
0.0	125.0	43.7	167.3	180.0	93.3	169.3	54.0	77.8	59.1	153.3
105.7	0.0	130.4	145.4	23.6	142.0	109.0	46.5	116.6	66.9	173.8
22.4	52.4	0.0	175.9	119.6	65.8	134.5	121.1	64.9	114.2	12.6
160.0	146.0	65.4	0.0	106.9	85.5	43.4	156.3	147.8	77.6	88.5
112.9	147.4	146.4	65.2	0.0	84.3	10.6	78.1	100.7	94.0	150.7
60.1	151.9	115.0	172.8	130.2	0.0	83.9	124.7	144.8	169.3	14.0
158.4	50.8	35.9	17.0	109.0	187.3	0.0	89.4	38.6	130.0	139.9
178.6	149.4	156.1	35.4	125.2	36.3	157.7	0.0	91.4	50.1	158.9
24.4	146.0	133.5	127.0	51.0	84.3	137.8	23.3	0.0	23.0	95.1
49.5	177.5	190.4	116.1	139.7	135.5	123.6	35.8	18.2	0.0	134.7
83.4	37.1	60.3	33.0	95.5	85.3	100.0	161.0	123.5	85.1	0.0
1	43602	1	3
2	49762	4	6
3	67706	3	4
4	11377	2	11
5	28606	2	6
6	58185	3	6
7	71998	1	2
8	60051	1	11
9	42042	1	2
10	57184	4	3
11	59387	2	8
12	30483	3	6
13	53942	1	11
14	24601	5	2
15	28593	1	1
16	22698	1	10
17	22728	3	7
18	30726	3	5
19	74899	3	8
20	66613	1	8
21	48124	4	9
22	56654	2	4
23	11435	2	9
24	14168	4	4
25	16271	1	7
26	55554	5	3
27	12449	4	6
28	45064	2	11
29	76880	2	11
30	52671	2	1
1	149.6	508.3	604404	523538	484564	550011	622266	446626	546718	531648	471689	489394	518033
2	180.8	817.5	604834	522908	484408	548138	622316	449108	546486	530705	472960	486696	518294
3	122.8	1261.9	606998	522681	484498	549247	622096	446875	545683	533536	473737	489250	520162
4	466	1286.1	607599	521604	483288	548974	622990	449720	546093	530785	471267	489348	519567
5	464.3	653.6	604678	520390	482753	547954	623293	447312	544569	532311	472424	488772	521236
6	682.2	470	605094	522052	486361	546954	622237	447035	545171	531091	472031	486606	519424
1	28.1	462.2
2	336.3	1187
3	1162.5	594
4	1050.6	1440.6
5	729.4	937.6
1	1022.5	679.9	0	0	0	62890	32009	0	0	22675	43061	10119	54627
2	2.3	833.5	21049	26665	54118	0	0	8095	31537	0	0	19628	0
3	167.4	1362.6	57911	0	48917	0	0	0	0	29138	0	0	47242
4	1217.9	344.6	0	0	43057	21734	30566	49478	0	0	47281	50574	66521
5	631.2	31.2	46160	0	0	0	67566	0	33284	44905	49006	542	41141
6	260.7	781.9	3636	0	0	47548	72187	0	72163	876	0	10791	0
7	806.9	228.1	0	0	0	18395	0	46984	49749	0	0	26932	17382
8	1395.1	172.8	1972	0	67994	24105	27100	54301	0	0	1105	37294	5860
9	102.9	1105.1	19286	15656	0	0	0	36076	0	0	46478	3836	0
10	781.1	951.2	0	11827	0	0	60312	0	0	0	40830	0	0
11	437.5	479.4	14542	6098	59689	70442	0	52953	54297	40858	6093	0	703
12	915	71.7	0	0	27367	26519	36560	0	73081	0	0	0	5461
13	60.1	485.1	22426	56955	0	0	0	24776	0	0	0	0	0
14	127.8	1305.2	48319	74091	0	0	0	0	23923	55280	35494	0	0
15	254.4	584.8	55634	56843	0	0	13197	0	0	66195	0	23903	58128
16	322.5	102.8	0	54941	48656	66360	0	0	11988	67623	4438	0	0
17	520.4	907	45362	2323	38265	70844	0	44503	32511	24517	0	49729	70936
18	1444	562	2751	68891	0	7058	0	0	47214	63947	36021	73413	57011
19	120.1	260.9	16631	0	0	5031	0	0	0	54332	0	0	0
20	592.8	346.2	18168	0	0	35596	19530	0	51082	71227	0	0	57917
21	930.2	306.4	0	61874	0	35897	18969	0	0	27175	0	28402	44944
22	1379.3	456.3	0	18140	25542	39631	55724	45517	0	10660	0	35605	0
23	630.5	15	18990	0	0	0	0	8511	71354	8890	0	52880	0
24	226.1	793.3	42682	56915	36462	0	67606	61432	0	42211	0	19030	49270
25	1222.1	499.2	50870	22581	4435	0	0	0	70297	0	0	0	37428
26	835.4	714.9	37015	11292	0	0	73937	38045	66792	0	0	0	0
27	1245.7	81.3	0	0	0	10906	57640	59993	11142	0	11684	0	0
28	45.4	890.4	38166	56838	0	12429	0	0	0	0	73868	0	10469
29	1472.4	572	0	31659	48395	0	701	0	72922	0	49888	15993	67822
30	660.8	670.8	24292	31282	0	69522	34842	8216	43562	24484	0	26335	0
31	33.2	731.8	0	37509	0	0	57232	15563	0	0	0	0	17297
32	778.5	1374.5	45854	54238	27710	0	49713	0	59807	0	68065	65445	22626
33	170.7	1233.2	0	69345	31805	17161	0	0	0	42968	63458	70907	0
34	857.9	1362.5	24452	0	0	0	33207	25945	0	47294	0	21386	34979
35	1125.5	1255.3	0	0	60157	0	54284	30063	0	44648	0	0	0
36	708.5	1259.9	37200	0	0	0	10139	0	49281	53515	0	48738	0
37	785.1	973.2	0	0	53304	56668	0	0	0	0	5252	70812	0
38	1359.6	1017.8	0	0	29581	0	8086	0	36654	0	0	0	0
39	506.5	623	0	0	52375	0	57196	3053	65799	0	63949	46995	0
40	1282.9	1008.5	24318	0	0	60030	0	0	45832	0	0	0	41522
41	456.5	754.8	28716	67081	0	2139	43187	1688	0	47013	68435	34003	15738
42	145.9	362.2	0	0	0	38639	0	62828	7660	0	4317	0	0
43	542.6	929.8	0	36257	0	0	74284	0	57721	0	0	0	11243
44	560.1	55.9	32825	0	15829	18640	9170	0	0	0	65686	0	0
45	1153.9	744.8	31272	29913	20136	14225	6871	0	3043	0	33318	0	49218
46	421.3	153.5	18905	3017	0	0	43369	48533	0	74993	0	56119	64795
47	64.4	700.5	31442	11243	37862	7435	0	4968	30192	16499	586	0	0
48	1040.4	726.9	0	36863	0	0	46888	57382	0	39151	0	0	16538
49	149.3	1313.3	0	57376	0	0	0	0	13865	0	65891	0	72884
50	1469.5	72.9	0	0	57690	56564	0	0	0	26985	50812	0	44727
51	380	268.6	2085	0	0	0	14728	15137	56674	0	0	60749	0
52	1259.3	226.7	0	0	0	33718	0	19924	0	0	23651	31184	0
53	691	672.7	0	35837	0	0	0	0	10148	0	53433	0	0
54	895.3	1164.6	0	59924	22283	0	11191	0	0	34321	0	0	0
55	1041.1	769.6	34724	0	0	27201	68617	73350	0	34093	8431	0	0
56	1276	611.3	45367	53303	57503	0	0	9281	770	0	0	0	0
57	1234.1	1238.2	789	0	0	69870	0	0	0	0	61726	0	0
58	1077.2	417.2	21689	0	31394	0	54395	0	0	60720	0	0	10164
59	147	974.5	0	0	15752	0	5804	0	0	0	10906	37965	0
60	788.4	992.8	0	11419	74349	28926	16063	0	17035	18821	57337	29400	54348
61	1477	736.7	66699	0	0	59008	69741	0	73490	0	0	27950	61897
62	949.6	1230	0	0	0	0	0	2103	56277	14408	9048	0	71597
63	311.5	711.1	0	0	0	0	11130	37888	0	0	20172	0	0
64	197	183.5	44306	24023	0	0	0	1345	0	0	13870	29101	0
65	643.7	924.5	0	0	74370	0	0	0	0	0	62172	46960	56894
66	1090.4	742.8	0	8638	0	0	0	15537	60571	0	6381	0	35014
67	1423.9	270.9	5287	38570	0	0	30951	19053	32009	0	46631	0	0
68	264.8	1085.7	26779	0	55266	0	0	0	32132	0	0	0	0
69	392.8	881.3	0	57290	0	53727	72713	0	0	0	0	0	31465
70	748.7	1372.1	0	0	9073	0	0	45651	0	68610	3035	43255	0
71	861.2	888.1	8813	0	0	69993	41860	48410	0	20824	59739	30922	5775
72	542.1	307.3	0	0	74378	72670	59718	4898	60733	50038	38858	0	49971
73	585.5	503.2	0	0	0	33777	0	0	0	44214	0	21711	0
74	566.3	30.1	23800	71243	23423	1035	0	45176	55922	55991	2083	0	17641
75	226.6	1087.6	0	10913	59229	26022	64133	0	0	15247	0	0	73089
76	594.9	437.3	0	0	2608	0	0	0	0	0	0	0	33843
77	932.1	542.6	55338	0	7406	0	71914	0	15070	0	0	0	0
78	1239.2	1066.4	31112	44574	0	0	0	48049	0	0	67082	0	0
79	348.4	351.4	12387	0	0	7505	31644	46998	47371	0	70520	0	70434
80	428.9	1341.9	65493	39787	0	0	56447	25165	0	56078	0	50063	0
81	570.8	1414.3	72995	0	0	74327	60145	5797	0	32051	62286	0	0
82	192.9	993.7	40837	1046	11311	0	59691	55030	10272	0	13881	22344	37141
83	394.3	1474.9	73810	61456	10911	0	18625	0	46560	67914	0	21042	3474
84	614.6	466.3	0	72149	56085	0	0	18357	0	26724	0	0	27185
85	1054.2	234.8	56325	521	17864	63744	18214	0	0	51242	0	0	0
86	858.9	442.6	63463	19238	10807	0	0	13520	0	0	6361	14833	0
87	211.6	829	73682	0	40008	0	0	0	55294	43428	0	0	0
88	476.8	1122.9	0	62064	0	0	0	26312	33294	17045	28947	0	66755
89	1296.7	1247.3	44423	0	0	0	33255	29850	0	41564	0	55221	51360
90	448.1	560.7	73081	42707	0	36174	0	61531	0	41825	0	26181	0
91	942.4	237.5	52969	0	0	0	53768	51313	38507	0	0	0	74621
92	773.7	19.6	0	24562	34265	43906	70929	0	0	64229	0	0	0
93	1191.5	1026.5	36017	0	1262	47138	0	0	0	37450	45077	50802	69130
94	1375.9	809	27149	0	0	0	0	0	16868	0	0	27620	1105
95	1186.3	1268.1	52608	0	0	0	68479	0	48700	0	0	0	0
96	534.8	508.6	812	18087	69590	13558	33519	12954	0	0	54649	43972	56008
97	916	1208.9	0	19480	0	5455	65035	0	0	7657	0	33081	29953
98	1424.8	798.7	67355	0	6078	0	0	17124	0	0	0	0	22843
99	1248.1	1351.3	42864	0	14887	0	73915	19003	0	0	4211	56531	27947
100	246.6	1174.3	0	0	0	0	38327	9898	47906	17089	36404	27757	0
101	331	373.5	0	0	61205	0	0	0	18858	8492	22591	40452	0
102	1497.9	7.4	43721	0	0	18625	0	46759	21661	0	0	17649	0
103	1088.4	319.3	71190	31080	13813	26989	13199	40867	0	0	0	0	12530
104	1136.2	1102.3	0	0	0	64536	20763	25791	0	0	26404	0	0
105	119.5	490.1	0	15840	0	66707	0	31716	0	13374	37448	13501	0
106	1119	1298	893	34606	21814	1602	2824	0	0	0	0	56468	0
107	723.4	1346.8	63511	0	54460	39904	52560	0	0	0	0	0	0
108	1427.7	140.1	0	0	32547	0	13938	0	39124	0	0	22498	0
109	164.5	1471.1	27074	71511	0	8163	0	0	28911	64167	4045	50111	23086
110	408.6	1119.6	11445	0	0	71080	69587	6005	39855	10477	0	6771	0
111	956.4	1421.3	74005	0	0	5907	49687	72497	0	14013	39671	0	0
112	514.3	2.9	3099	0	19275	60442	0	0	48449	0	0	0	0
113	827	268.6	0	54421	0	0	13419	0	32975	0	10648	0	0
114	1419.7	632	0	27103	65216	0	0	0	0	0	0	0	39478
115	1226.4	410.1	0	0	0	8749	23054	42168	71126	0	0	0	0
116	1495.7	936	0	0	54827	0	15518	2392	40761	0	0	0	60585
117	490.1	1007.9	0	69509	43989	0	0	6802	0	71136	66783	0	0
118	93.8	444.3	13008	52861	30451	71033	0	6308	0	0	0	39802	0
119	1378.1	261.6	0	0	0	0	0	23585	19816	0	0	24293	62999
120	476.5	582.7	65011	0	0	14539	0	1607	0	18177	72809	74567	14384
121	794.6	805.8	27266	31613	0	15121	0	43742	0	21585	0	12855	39879
122	1440.2	853	0	0	33991	0	7972	0	0	54567	0	7436	0
123	1096.5	628.9	30610	20760	0	0	0	11434	0	11577	0	0	0
124	1169	320.5	42969	49946	14377	0	0	71124	15642	0	0	15742	33214
125	1274.1	1374.9	55781	56509	69567	0	0	32243	51339	13401	0	73086	0
126	34	1378.5	37536	0	0	54427	0	25681	0	0	0	0	6875
127	939.6	1289.9	0	0	9379	51324	0	0	0	0	1829	0	0
128	99.5	450.3	0	0	0	50761	12133	59920	0	0	0	64960	7499
129	317.2	541.2	59495	65938	33108	0	24317	67627	0	47934	18547	0	0
130	268.7	1459.5	0	0	0	0	14193	0	4395	48755	31036	0	14057
131	707.4	613.6	69445	0	0	26731	49764	0	68029	0	0	48806	0
132	742.9	945.8	0	26822	0	26026	0	54680	14372	65989	0	0	0
133	1379.8	1085.5	10007	12843	39026	70232	0	0	0	0	4369	0	73258
134	1152.7	1249.7	29457	66809	0	51267	55333	35332	0	69349	48643	57782	0
135	136.6	1232.7	0	19044	28623	0	33664	0	0	0	70243	16981	4699
136	1155.5	970.2	0	0	0	44393	52885	0	1006	18695	0	0	0
137	309.1	1207.9	51149	74053	30150	0	0	37384	0	0	55555	62204	0
138	854.1	1371.1	3251	32733	0	56878	56724	26847	69273	0	48215	0	0
139	818.1	727.4	0	0	73721	0	0	31677	37432	44231	68725	0	17506
140	590.6	1455.2	0	61154	0	66158	0	61928	0	0	11733	0	28305
141	548.8	449.8	66395	36880	0	0	0	6532	64118	74263	0	0	37654
142	663.5	781.5	62451	5881	0	39659	0	0	62694	0	0	2292	54294
143	766.1	108	25808	13443	0	0	0	0	66816	68304	6060	0	0
144	849.3	1305.2	0	0	0	8863	68498	0	57274	0	14819	0	0
145	16.2	41.8	3627	0	38837	45235	61490	0	55453	0	0	58656	0
146	759.5	1143.2	0	20358	0	0	0	0	11913	56776	0	48073	57564
147	1404.5	1118.5	31742	33098	69925	29044	59629	0	33818	0	0	56609	10061
148	1192.5	168.9	49319	34300	0	64168	0	0	28342	13141	0	0	43401
149	1366.6	170.3	0	0	7404	29457	13350	64386	0	74122	0	0	18807
150	1040.6	1192.9	54597	0	26668	31039	0	28340	0	43432	34708	0	66602
151	170.9	484.2	47839	69147	44011	56252	7172	31667	51059	35271	0	53250	0
152	1081.3	193.8	56234	36615	69794	0	22950	0	0	48870	53100	0	12737
153	365.9	714.2	4156	0	0	15556	4609	0	0	33973	41202	0	0
154	682.7	1137.2	58690	0	61000	60027	59831	0	0	0	46374	34804	0
155	907.2	1079.7	13687	6871	10155	1856	23485	0	47550	0	0	0	33900
156	232.2	876	0	24542	717	14255	0	0	0	0	0	31424	18986
157	734.2	12.7	0	31750	0	70816	46676	0	62787	0	0	29804	0
158	914.1	808.7	44610	17413	0	0	74485	16173	23733	61250	32927	6616	0
159	102.5	1062	0	0	20114	37934	68426	35213	0	0	26377	0	0
160	181.9	461.4	63344	0	0	58977	0	0	21171	6878	52508	0	28847
161	1074.8	1174.5	0	44865	0	0	0	0	1411	60054	0	0	62700
162	262	776.7	0	0	62555	48252	70124	3398	43925	0	0	60789	60230
163	523.1	1289.5	57879	0	0	0	54052	0	0	0	0	0	29652
164	665.3	284.8	32240	21433	26023	4076	0	53458	0	30109	0	23429	0
165	25.5	265.9	0	0	53160	1976	1398	0	0	0	72266	47916	0
166	490.8	956.2	73567	0	0	18327	71460	0	0	0	0	65594	0
